1.450 24.050 0.250 4.712 0.200
1.450 24.039 0.250 4.712 0.211
1.450 24.028 0.250 4.712 0.222
1.450 24.017 0.250 4.712 0.233
1.450 24.006 0.250 4.712 0.244
1.450 23.994 0.250 4.712 0.256
1.450 23.983 0.250 4.712 0.267
1.450 23.972 0.250 4.712 0.278
1.450 23.961 0.250 4.712 0.289
1.450 23.950 0.250 4.712 0.100
1.450 23.939 0.250 4.712 0.111
1.450 23.928 0.250 4.712 0.122
1.450 23.917 0.250 4.712 0.133
1.450 23.906 0.250 4.712 0.144
1.450 23.894 0.250 4.712 0.156
1.450 23.883 0.250 4.712 0.167
1.450 23.872 0.250 4.712 0.178
1.450 23.861 0.250 4.712 0.189
1.450 23.850 0.250 4.712 0.200
1.450 23.839 0.250 4.712 0.211
1.450 23.828 0.250 4.712 0.222
1.450 23.817 0.250 4.712 0.233
1.450 23.806 0.250 4.712 0.244
1.450 23.794 0.250 4.712 0.256
1.450 23.783 0.250 4.712 0.267
1.450 23.772 0.250 4.712 0.278
1.450 23.761 0.250 4.712 0.289
1.450 23.750 0.250 4.712 0.300
1.450 23.739 0.250 4.712 0.311
1.450 23.728 0.250 4.712 0.322
1.450 23.717 0.250 4.712 0.333
1.450 23.706 0.250 4.712 0.344
1.450 23.694 0.250 4.712 0.356
1.450 23.683 0.250 4.712 0.367
1.450 23.672 0.250 4.712 0.378
1.450 23.661 0.250 4.712 0.389
1.450 23.650 0.250 4.712 0.400
1.450 23.650 0.261 4.712 0.411
1.450 23.650 0.272 4.712 0.422
1.450 23.650 0.283 4.712 0.433
1.450 23.650 0.294 4.712 0.444
1.450 23.650 0.306 4.712 0.456
1.450 23.650 0.317 4.712 0.467
1.450 23.650 0.328 4.712 0.478
1.450 23.650 0.339 4.712 0.489
1.450 23.650 0.350 4.712 0.500
1.450 23.650 0.361 4.712 0.511
1.450 23.650 0.372 4.712 0.522
1.450 23.650 0.383 4.712 0.533
1.450 23.650 0.394 4.712 0.544
1.450 23.650 0.406 4.712 0.556
1.450 23.650 0.417 4.712 0.567
1.450 23.650 0.428 4.712 0.578
1.450 23.650 0.439 4.712 0.589
1.450 23.650 0.450 4.712 0.600
1.450 23.650 0.461 4.712 0.611
1.450 23.650 0.472 4.712 0.622
1.450 23.650 0.483 4.712 0.633
1.450 23.650 0.494 4.712 0.644
1.450 23.650 0.506 4.712 0.656
1.450 23.650 0.517 4.712 0.667
1.450 23.650 0.528 4.712 0.678
1.450 23.650 0.539 4.712 0.689
1.450 23.650 0.550 4.712 0.700
1.450 23.650 0.561 4.712 0.711
1.450 23.650 0.572 4.712 0.722
1.450 23.650 0.583 4.712 0.733
1.450 23.650 0.594 4.712 0.744
1.450 23.650 0.606 4.712 0.756
1.450 23.650 0.617 4.712 0.767
1.450 23.650 0.628 4.712 0.778
1.450 23.650 0.639 4.712 0.789
1.450 23.650 0.650 4.712 0.800
1.450 23.650 0.661 4.712 0.811
1.450 23.650 0.672 4.712 0.822
1.450 23.650 0.683 4.712 0.833
1.450 23.650 0.694 4.712 0.844
1.450 23.650 0.706 4.712 0.856
1.450 23.650 0.717 4.712 0.867
1.450 23.650 0.728 4.712 0.878
1.450 23.650 0.739 4.712 0.889
1.450 23.650 0.750 4.712 0.900
1.450 23.650 0.761 4.712 0.911
1.450 23.650 0.772 4.712 0.922
1.450 23.650 0.783 4.712 0.933
1.450 23.650 0.794 4.712 0.944
1.450 23.650 0.806 4.712 0.956
1.450 23.650 0.817 4.712 0.967
1.450 23.650 0.828 4.712 0.978
1.450 23.650 0.839 4.712 0.989
1.450 23.650 0.850 4.712 1.000
1.450 23.650 0.861 4.712 1.011
1.450 23.650 0.872 4.712 1.022
1.450 23.650 0.883 4.712 1.033
1.450 23.650 0.894 4.712 1.044
1.450 23.650 0.906 4.712 1.056
1.450 23.650 0.917 4.712 1.067
1.450 23.650 0.928 4.712 1.078
1.450 23.650 0.939 4.712 1.089
1.450 23.650 0.950 4.712 1.100
1.450 23.561 0.950 4.712 1.189
1.450 23.472 0.950 4.712 1.278
1.450 23.383 0.950 4.712 1.367
1.450 23.294 0.950 4.712 1.456
1.450 23.206 0.950 4.712 1.544
1.450 23.117 0.950 4.712 1.633
1.450 23.028 0.950 4.712 1.722
1.450 22.939 0.950 4.712 1.811
1.450 22.850 0.950 4.712 1.900
1.450 22.760 0.950 4.712 2.000
1.450 22.669 0.950 4.712 2.100
1.450 22.579 0.950 4.712 2.200
1.452 22.489 0.950 4.761 2.300
1.459 22.399 0.950 4.830 2.400
1.473 22.309 0.950 4.899 2.500
1.493 22.221 0.950 4.968 2.600
1.518 22.135 0.950 5.036 2.700
1.550 22.050 0.950 5.105 2.800
1.587 21.990 0.950 5.135 2.878
1.626 21.932 0.950 5.166 2.956
1.667 21.874 0.950 5.196 3.033
1.709 21.817 0.950 5.226 3.111
1.754 21.761 0.950 5.257 3.189
1.800 21.707 0.950 5.287 3.267
1.848 21.653 0.950 5.317 3.344
1.898 21.601 0.950 5.348 3.422
1.950 21.550 0.950 5.498 3.500
1.950 21.550 0.950 5.541 3.511
1.950 21.550 0.950 5.585 3.522
1.950 21.550 0.950 5.629 3.533
1.950 21.550 0.950 5.672 3.544
1.950 21.550 0.950 5.716 3.556
1.950 21.550 0.950 5.760 3.567
1.950 21.550 0.950 5.803 3.578
1.950 21.550 0.950 5.847 3.589
1.950 21.550 0.950 5.891 3.600
2.025 21.519 0.950 5.891 3.689
2.101 21.488 0.950 5.891 3.778
2.176 21.456 0.950 5.891 3.867
2.252 21.425 0.950 5.910 3.956
2.329 21.398 0.950 5.984 4.044
2.407 21.377 0.950 6.059 4.133
2.488 21.362 0.950 6.134 4.222
2.569 21.353 0.950 6.208 4.311
2.650 21.350 0.950 0.000 4.400
2.661 21.350 0.950 0.000 4.411
2.672 21.350 0.950 0.000 4.422
2.683 21.350 0.950 0.000 4.433
2.694 21.350 0.950 0.000 4.444
2.706 21.350 0.950 0.000 4.456
2.717 21.350 0.950 0.000 4.467
2.728 21.350 0.950 0.000 4.478
2.739 21.350 0.950 0.000 4.489
2.750 21.350 0.950 0.000 4.500
2.839 21.350 0.950 0.000 4.589
2.928 21.350 0.950 0.000 4.678
3.017 21.350 0.950 0.000 4.767
3.106 21.350 0.950 0.000 4.856
3.194 21.350 0.950 0.000 4.944
3.283 21.350 0.950 0.000 5.033
3.372 21.350 0.950 0.000 5.122
3.461 21.350 0.950 0.000 5.211
3.550 21.350 0.950 0.000 5.300
3.639 21.350 0.950 0.000 5.389
3.728 21.350 0.950 0.000 5.478
3.817 21.350 0.950 0.000 5.567
3.906 21.350 0.950 0.000 5.656
3.994 21.350 0.950 0.000 5.744
4.083 21.350 0.950 0.000 5.833
4.172 21.350 0.950 0.000 5.922
4.261 21.350 0.950 0.000 6.011
4.350 21.350 0.950 0.000 6.100
4.439 21.350 0.950 0.000 6.189
4.528 21.350 0.950 0.000 6.278
4.617 21.350 0.950 0.000 6.367
4.706 21.350 0.950 0.000 6.456
4.794 21.350 0.950 0.000 6.544
4.883 21.350 0.950 0.000 6.633
4.972 21.350 0.950 0.000 6.722
5.061 21.350 0.950 0.000 6.811
5.150 21.350 0.950 0.000 6.900
5.150 21.350 0.950 6.240 6.911
5.150 21.350 0.950 6.196 6.922
5.150 21.350 0.950 6.152 6.933
5.150 21.350 0.950 6.109 6.944
5.150 21.350 0.950 6.065 6.956
5.150 21.350 0.950 6.021 6.967
5.150 21.350 0.950 5.978 6.978
5.150 21.350 0.950 5.934 6.989
5.150 21.350 0.950 5.891 7.000
5.210 21.313 0.950 5.860 7.078
5.268 21.274 0.950 5.830 7.156
5.326 21.234 0.950 5.800 7.233
5.383 21.191 0.950 5.769 7.311
5.439 21.146 0.950 5.739 7.389
5.493 21.100 0.950 5.709 7.467
5.547 21.052 0.950 5.678 7.544
5.599 21.002 0.950 5.648 7.622
5.650 20.950 0.950 5.498 7.700
5.650 20.950 0.950 5.454 7.711
5.650 20.950 0.950 5.410 7.722
5.650 20.950 0.950 5.367 7.733
5.650 20.950 0.950 5.323 7.744
5.650 20.950 0.950 5.280 7.756
5.650 20.950 0.950 5.236 7.767
5.650 20.950 0.950 5.192 7.778
5.650 20.950 0.950 5.149 7.789
5.650 20.950 0.950 5.105 7.800
5.681 20.875 0.950 5.105 7.889
5.712 20.799 0.950 5.105 7.978
5.744 20.724 0.950 5.105 8.067
5.775 20.649 0.950 5.086 8.156
5.802 20.572 0.950 5.011 8.244
5.823 20.493 0.950 4.937 8.333
5.838 20.413 0.950 4.862 8.422
5.847 20.332 0.950 4.787 8.511
5.850 20.250 0.950 4.712 8.600
5.850 20.239 0.950 4.712 8.611
5.850 20.228 0.950 4.712 8.622
5.850 20.217 0.950 4.712 8.633
5.850 20.206 0.950 4.712 8.644
5.850 20.194 0.950 4.712 8.656
5.850 20.183 0.950 4.712 8.667
5.850 20.172 0.950 4.712 8.678
5.850 20.161 0.950 4.712 8.689
5.850 20.150 0.950 4.712 8.700
5.850 20.060 0.950 4.712 8.800
5.850 19.969 0.950 4.712 8.900
5.850 19.879 0.950 4.712 9.000
5.852 19.789 0.950 4.761 9.100
5.859 19.699 0.950 4.830 9.200
5.873 19.609 0.950 4.899 9.300
5.893 19.521 0.950 4.968 9.400
5.918 19.435 0.950 5.036 9.500
5.950 19.350 0.950 5.105 9.600
5.961 19.328 0.950 5.105 9.633
5.972 19.306 0.950 5.105 9.667
5.983 19.283 0.950 5.105 9.700
5.994 19.261 0.950 5.105 9.733
6.006 19.239 0.950 5.105 9.767
6.017 19.217 0.950 5.105 9.800
6.028 19.194 0.950 5.105 9.833
6.039 19.172 0.950 5.105 9.867
6.050 19.150 0.950 5.105 9.900
6.081 19.075 0.950 5.105 9.989
6.112 18.999 0.950 5.105 10.078
6.144 18.924 0.950 5.105 10.167
6.175 18.849 0.950 5.086 10.256
6.202 18.772 0.950 5.011 10.344
6.223 18.693 0.950 4.937 10.433
6.238 18.613 0.950 4.862 10.522
6.247 18.532 0.950 4.787 10.611
6.250 18.450 0.950 4.712 10.700
6.250 18.450 0.950 4.669 10.711
6.250 18.450 0.950 4.625 10.722
6.250 18.450 0.950 4.582 10.733
6.250 18.450 0.950 4.538 10.744
6.250 18.450 0.950 4.494 10.756
6.250 18.450 0.950 4.451 10.767
6.250 18.450 0.950 4.407 10.778
6.250 18.450 0.950 4.363 10.789
6.250 18.450 0.950 4.320 10.800
6.250 18.450 0.950 4.276 10.811
6.250 18.450 0.950 4.232 10.822
6.250 18.450 0.950 4.189 10.833
6.250 18.450 0.950 4.145 10.844
6.250 18.450 0.950 4.101 10.856
6.250 18.450 0.950 4.058 10.867
6.250 18.450 0.950 4.014 10.878
6.250 18.450 0.950 3.971 10.889
6.250 18.450 0.950 3.927 10.900
6.250 18.450 0.950 3.883 10.911
6.250 18.450 0.950 3.840 10.922
6.250 18.450 0.950 3.796 10.933
6.250 18.450 0.950 3.752 10.944
6.250 18.450 0.950 3.709 10.956
6.250 18.450 0.950 3.665 10.967
6.250 18.450 0.950 3.622 10.978
6.250 18.450 0.950 3.578 10.989
6.250 18.450 0.950 3.534 11.000
6.250 18.450 0.950 3.491 11.011
6.250 18.450 0.950 3.447 11.022
6.250 18.450 0.950 3.403 11.033
6.250 18.450 0.950 3.360 11.044
6.250 18.450 0.950 3.316 11.056
6.250 18.450 0.950 3.272 11.067
6.250 18.450 0.950 3.229 11.078
6.250 18.450 0.950 3.185 11.089
6.250 18.450 0.950 3.142 11.100
6.261 18.450 0.950 3.142 11.111
6.272 18.450 0.950 3.142 11.122
6.283 18.450 0.950 3.142 11.133
6.294 18.450 0.950 3.142 11.144
6.306 18.450 0.950 3.142 11.156
6.317 18.450 0.950 3.142 11.167
6.328 18.450 0.950 3.142 11.178
6.339 18.450 0.950 3.142 11.189
6.350 18.450 0.950 3.142 11.200
6.361 18.450 0.950 3.142 11.211
6.372 18.450 0.950 3.142 11.222
6.383 18.450 0.950 3.142 11.233
6.394 18.450 0.950 3.142 11.244
6.406 18.450 0.950 3.142 11.256
6.417 18.450 0.950 3.142 11.267
6.428 18.450 0.950 3.142 11.278
6.439 18.450 0.950 3.142 11.289
6.450 18.450 0.950 3.142 11.300
6.461 18.450 0.950 3.142 11.311
6.472 18.450 0.950 3.142 11.322
6.483 18.450 0.950 3.142 11.333
6.494 18.450 0.950 3.142 11.344
6.506 18.450 0.950 3.142 11.356
6.517 18.450 0.950 3.142 11.367
6.528 18.450 0.950 3.142 11.378
6.539 18.450 0.950 3.142 11.389
6.550 18.450 0.950 3.142 11.400
6.550 18.450 0.939 3.142 11.411
6.550 18.450 0.928 3.142 11.422
6.550 18.450 0.917 3.142 11.433
6.550 18.450 0.906 3.142 11.444
6.550 18.450 0.894 3.142 11.456
6.550 18.450 0.883 3.142 11.467
6.550 18.450 0.872 3.142 11.478
6.550 18.450 0.861 3.142 11.489
6.550 18.450 0.850 3.142 11.500
6.550 18.450 0.839 3.142 11.511
6.550 18.450 0.828 3.142 11.522
6.550 18.450 0.817 3.142 11.533
6.550 18.450 0.806 3.142 11.544
6.550 18.450 0.794 3.142 11.556
6.550 18.450 0.783 3.142 11.567
6.550 18.450 0.772 3.142 11.578
6.550 18.450 0.761 3.142 11.589
6.550 18.450 0.750 3.142 11.600
6.550 18.450 0.739 3.142 11.611
6.550 18.450 0.728 3.142 11.622
6.550 18.450 0.717 3.142 11.633
6.550 18.450 0.706 3.142 11.644
6.550 18.450 0.694 3.142 11.656
6.550 18.450 0.683 3.142 11.667
6.550 18.450 0.672 3.142 11.678
6.550 18.450 0.661 3.142 11.689
6.550 18.450 0.650 3.142 11.700
6.550 18.450 0.639 3.142 11.711
6.550 18.450 0.628 3.142 11.722
6.550 18.450 0.617 3.142 11.733
6.550 18.450 0.606 3.142 11.744
6.550 18.450 0.594 3.142 11.756
6.550 18.450 0.583 3.142 11.767
6.550 18.450 0.572 3.142 11.778
6.550 18.450 0.561 3.142 11.789
6.550 18.450 0.550 3.142 11.800
6.550 18.450 0.550 3.142 15.000
6.561 18.450 0.550 3.142 15.011
6.572 18.450 0.550 3.142 15.022
6.583 18.450 0.550 3.142 15.033
6.594 18.450 0.550 3.142 15.044
6.606 18.450 0.550 3.142 15.056
6.617 18.450 0.550 3.142 15.067
6.628 18.450 0.550 3.142 15.078
6.639 18.450 0.550 3.142 15.089
6.650 18.450 0.550 3.142 15.100
6.661 18.450 0.550 3.142 15.111
6.672 18.450 0.550 3.142 15.122
6.683 18.450 0.550 3.142 15.133
6.694 18.450 0.550 3.142 15.144
6.706 18.450 0.550 3.142 15.156
6.717 18.450 0.550 3.142 15.167
6.728 18.450 0.550 3.142 15.178
6.739 18.450 0.550 3.142 15.189
6.750 18.450 0.550 3.142 15.200
6.761 18.450 0.550 3.142 15.211
6.772 18.450 0.550 3.142 15.222
6.783 18.450 0.550 3.142 15.233
6.794 18.450 0.550 3.142 15.244
6.806 18.450 0.550 3.142 15.256
6.817 18.450 0.550 3.142 15.267
6.828 18.450 0.550 3.142 15.278
6.839 18.450 0.550 3.142 15.289
6.850 18.450 0.550 3.142 15.300
6.861 18.450 0.550 3.142 15.311
6.872 18.450 0.550 3.142 15.322
6.883 18.450 0.550 3.142 15.333
6.894 18.450 0.550 3.142 15.344
6.906 18.450 0.550 3.142 15.356
6.917 18.450 0.550 3.142 15.367
6.928 18.450 0.550 3.142 15.378
6.939 18.450 0.550 3.142 15.389
6.950 18.450 0.550 3.142 15.400
6.961 18.450 0.550 3.142 15.411
6.972 18.450 0.550 3.142 15.422
6.983 18.450 0.550 3.142 15.433
6.994 18.450 0.550 3.142 15.444
7.006 18.450 0.550 3.142 15.456
7.017 18.450 0.550 3.142 15.467
7.028 18.450 0.550 3.142 15.478
7.039 18.450 0.550 3.142 15.489
7.050 18.450 0.550 3.142 15.500
7.061 18.450 0.550 3.142 15.511
7.072 18.450 0.550 3.142 15.522
7.083 18.450 0.550 3.142 15.533
7.094 18.450 0.550 3.142 15.544
7.106 18.450 0.550 3.142 15.556
7.117 18.450 0.550 3.142 15.567
7.128 18.450 0.550 3.142 15.578
7.139 18.450 0.550 3.142 15.589
7.150 18.450 0.550 3.142 15.600
7.161 18.450 0.550 3.142 15.611
7.172 18.450 0.550 3.142 15.622
7.183 18.450 0.550 3.142 15.633
7.194 18.450 0.550 3.142 15.644
7.206 18.450 0.550 3.142 15.656
7.217 18.450 0.550 3.142 15.667
7.228 18.450 0.550 3.142 15.678
7.239 18.450 0.550 3.142 15.689
7.250 18.450 0.550 3.142 15.700
7.261 18.450 0.550 3.142 15.711
7.272 18.450 0.550 3.142 15.722
7.283 18.450 0.550 3.142 15.733
7.294 18.450 0.550 3.142 15.744
7.306 18.450 0.550 3.142 15.756
7.317 18.450 0.550 3.142 15.767
7.328 18.450 0.550 3.142 15.778
7.339 18.450 0.550 3.142 15.789
7.350 18.450 0.550 3.142 15.800
7.361 18.450 0.550 3.142 15.811
7.372 18.450 0.550 3.142 15.822
7.383 18.450 0.550 3.142 15.833
7.394 18.450 0.550 3.142 15.844
7.406 18.450 0.550 3.142 15.856
7.417 18.450 0.550 3.142 15.867
7.428 18.450 0.550 3.142 15.878
7.439 18.450 0.550 3.142 15.889
7.450 18.450 0.550 3.142 15.900
7.461 18.450 0.550 3.142 15.911
7.472 18.450 0.550 3.142 15.922
7.483 18.450 0.550 3.142 15.933
7.494 18.450 0.550 3.142 15.944
7.506 18.450 0.550 3.142 15.956
7.517 18.450 0.550 3.142 15.967
7.528 18.450 0.550 3.142 15.978
7.539 18.450 0.550 3.142 15.989
7.550 18.450 0.550 3.142 16.000
7.561 18.450 0.550 3.142 16.011
7.572 18.450 0.550 3.142 16.022
7.583 18.450 0.550 3.142 16.033
7.594 18.450 0.550 3.142 16.044
7.606 18.450 0.550 3.142 16.056
7.617 18.450 0.550 3.142 16.067
7.628 18.450 0.550 3.142 16.078
7.639 18.450 0.550 3.142 16.089
7.650 18.450 0.550 3.142 16.100
7.661 18.450 0.550 3.142 16.111
7.672 18.450 0.550 3.142 16.122
7.683 18.450 0.550 3.142 16.133
7.694 18.450 0.550 3.142 16.144
7.706 18.450 0.550 3.142 16.156
7.717 18.450 0.550 3.142 16.167
7.728 18.450 0.550 3.142 16.178
7.739 18.450 0.550 3.142 16.189
7.750 18.450 0.550 3.142 16.200
7.761 18.450 0.550 3.142 16.211
7.772 18.450 0.550 3.142 16.222
7.783 18.450 0.550 3.142 16.233
7.794 18.450 0.550 3.142 16.244
7.806 18.450 0.550 3.142 16.256
7.817 18.450 0.550 3.142 16.267
7.828 18.450 0.550 3.142 16.278
7.839 18.450 0.550 3.142 16.289
7.850 18.450 0.550 3.142 16.300
7.861 18.450 0.550 3.142 16.311
7.872 18.450 0.550 3.142 16.322
7.883 18.450 0.550 3.142 16.333
7.894 18.450 0.550 3.142 16.344
7.906 18.450 0.550 3.142 16.356
7.917 18.450 0.550 3.142 16.367
7.928 18.450 0.550 3.142 16.378
7.939 18.450 0.550 3.142 16.389
7.950 18.450 0.550 3.142 16.400
7.961 18.450 0.550 3.142 16.411
7.972 18.450 0.550 3.142 16.422
7.983 18.450 0.550 3.142 16.433
7.994 18.450 0.550 3.142 16.444
8.006 18.450 0.550 3.142 16.456
8.017 18.450 0.550 3.142 16.467
8.028 18.450 0.550 3.142 16.478
8.039 18.450 0.550 3.142 16.489
8.050 18.450 0.550 3.142 16.500
8.061 18.450 0.550 3.142 16.511
8.072 18.450 0.550 3.142 16.522
8.083 18.450 0.550 3.142 16.533
8.094 18.450 0.550 3.142 16.544
8.106 18.450 0.550 3.142 16.556
8.117 18.450 0.550 3.142 16.567
8.128 18.450 0.550 3.142 16.578
8.139 18.450 0.550 3.142 16.589
8.150 18.450 0.550 3.142 16.600
8.161 18.450 0.550 3.142 16.611
8.172 18.450 0.550 3.142 16.622
8.183 18.450 0.550 3.142 16.633
8.194 18.450 0.550 3.142 16.644
8.206 18.450 0.550 3.142 16.656
8.217 18.450 0.550 3.142 16.667
8.228 18.450 0.550 3.142 16.678
8.239 18.450 0.550 3.142 16.689
8.250 18.450 0.550 3.142 16.700
8.261 18.450 0.550 3.142 16.711
8.272 18.450 0.550 3.142 16.722
8.283 18.450 0.550 3.142 16.733
8.294 18.450 0.550 3.142 16.744
8.306 18.450 0.550 3.142 16.756
8.317 18.450 0.550 3.142 16.767
8.328 18.450 0.550 3.142 16.778
8.339 18.450 0.550 3.142 16.789
8.350 18.450 0.550 3.142 16.800
8.361 18.450 0.550 3.142 16.811
8.372 18.450 0.550 3.142 16.822
8.383 18.450 0.550 3.142 16.833
8.394 18.450 0.550 3.142 16.844
8.406 18.450 0.550 3.142 16.856
8.417 18.450 0.550 3.142 16.867
8.428 18.450 0.550 3.142 16.878
8.439 18.450 0.550 3.142 16.889
8.450 18.450 0.550 3.142 16.900
8.461 18.450 0.550 3.142 16.911
8.472 18.450 0.550 3.142 16.922
8.483 18.450 0.550 3.142 16.933
8.494 18.450 0.550 3.142 16.944
8.506 18.450 0.550 3.142 16.956
8.517 18.450 0.550 3.142 16.967
8.528 18.450 0.550 3.142 16.978
8.539 18.450 0.550 3.142 16.989
8.550 18.450 0.550 3.142 17.000
8.561 18.450 0.550 3.142 17.011
8.572 18.450 0.550 3.142 17.022
8.583 18.450 0.550 3.142 17.033
8.594 18.450 0.550 3.142 17.044
8.606 18.450 0.550 3.142 17.056
8.617 18.450 0.550 3.142 17.067
8.628 18.450 0.550 3.142 17.078
8.639 18.450 0.550 3.142 17.089
8.650 18.450 0.550 3.142 17.100
8.661 18.450 0.550 3.142 17.111
8.672 18.450 0.550 3.142 17.122
8.683 18.450 0.550 3.142 17.133
8.694 18.450 0.550 3.142 17.144
8.706 18.450 0.550 3.142 17.156
8.717 18.450 0.550 3.142 17.167
8.728 18.450 0.550 3.142 17.178
8.739 18.450 0.550 3.142 17.189
8.750 18.450 0.550 3.142 17.200
8.761 18.450 0.550 3.142 17.211
8.772 18.450 0.550 3.142 17.222
8.783 18.450 0.550 3.142 17.233
8.794 18.450 0.550 3.142 17.244
8.806 18.450 0.550 3.142 17.256
8.817 18.450 0.550 3.142 17.267
8.828 18.450 0.550 3.142 17.278
8.839 18.450 0.550 3.142 17.289
8.850 18.450 0.550 3.142 17.300
8.861 18.450 0.550 3.142 17.311
8.872 18.450 0.550 3.142 17.322
8.883 18.450 0.550 3.142 17.333
8.894 18.450 0.550 3.142 17.344
8.906 18.450 0.550 3.142 17.356
8.917 18.450 0.550 3.142 17.367
8.928 18.450 0.550 3.142 17.378
8.939 18.450 0.550 3.142 17.389
8.950 18.450 0.550 3.142 17.400
8.961 18.450 0.550 3.142 17.411
8.972 18.450 0.550 3.142 17.422
8.983 18.450 0.550 3.142 17.433
8.994 18.450 0.550 3.142 17.444
9.006 18.450 0.550 3.142 17.456
9.017 18.450 0.550 3.142 17.467
9.028 18.450 0.550 3.142 17.478
9.039 18.450 0.550 3.142 17.489
9.050 18.450 0.550 3.142 17.500
9.061 18.450 0.550 3.142 17.511
9.072 18.450 0.550 3.142 17.522
9.083 18.450 0.550 3.142 17.533
9.094 18.450 0.550 3.142 17.544
9.106 18.450 0.550 3.142 17.556
9.117 18.450 0.550 3.142 17.567
9.128 18.450 0.550 3.142 17.578
9.139 18.450 0.550 3.142 17.589
9.150 18.450 0.550 3.142 17.600
9.161 18.450 0.550 3.142 17.611
9.172 18.450 0.550 3.142 17.622
9.183 18.450 0.550 3.142 17.633
9.194 18.450 0.550 3.142 17.644
9.206 18.450 0.550 3.142 17.656
9.217 18.450 0.550 3.142 17.667
9.228 18.450 0.550 3.142 17.678
9.239 18.450 0.550 3.142 17.689
9.250 18.450 0.550 3.142 17.700
9.261 18.450 0.550 3.142 17.711
9.272 18.450 0.550 3.142 17.722
9.283 18.450 0.550 3.142 17.733
9.294 18.450 0.550 3.142 17.744
9.306 18.450 0.550 3.142 17.756
9.317 18.450 0.550 3.142 17.767
9.328 18.450 0.550 3.142 17.778
9.339 18.450 0.550 3.142 17.789
9.350 18.450 0.550 3.142 17.800
9.361 18.450 0.550 3.142 17.811
9.372 18.450 0.550 3.142 17.822
9.383 18.450 0.550 3.142 17.833
9.394 18.450 0.550 3.142 17.844
9.406 18.450 0.550 3.142 17.856
9.417 18.450 0.550 3.142 17.867
9.428 18.450 0.550 3.142 17.878
9.439 18.450 0.550 3.142 17.889
9.450 18.450 0.550 3.142 17.900
9.461 18.450 0.550 3.142 17.911
9.472 18.450 0.550 3.142 17.922
9.483 18.450 0.550 3.142 17.933
9.494 18.450 0.550 3.142 17.944
9.506 18.450 0.550 3.142 17.956
9.517 18.450 0.550 3.142 17.967
9.528 18.450 0.550 3.142 17.978
9.539 18.450 0.550 3.142 17.989
9.550 18.450 0.550 3.142 18.000
9.561 18.450 0.550 3.142 18.011
9.572 18.450 0.550 3.142 18.022
9.583 18.450 0.550 3.142 18.033
9.594 18.450 0.550 3.142 18.044
9.606 18.450 0.550 3.142 18.056
9.617 18.450 0.550 3.142 18.067
9.628 18.450 0.550 3.142 18.078
9.639 18.450 0.550 3.142 18.089
9.650 18.450 0.550 3.142 18.100
9.661 18.450 0.550 3.142 18.111
9.672 18.450 0.550 3.142 18.122
9.683 18.450 0.550 3.142 18.133
9.694 18.450 0.550 3.142 18.144
9.706 18.450 0.550 3.142 18.156
9.717 18.450 0.550 3.142 18.167
9.728 18.450 0.550 3.142 18.178
9.739 18.450 0.550 3.142 18.189
9.750 18.450 0.550 3.142 18.200
9.761 18.450 0.550 3.142 18.211
9.772 18.450 0.550 3.142 18.222
9.783 18.450 0.550 3.142 18.233
9.794 18.450 0.550 3.142 18.244
9.806 18.450 0.550 3.142 18.256
9.817 18.450 0.550 3.142 18.267
9.828 18.450 0.550 3.142 18.278
9.839 18.450 0.550 3.142 18.289
9.850 18.450 0.550 3.142 18.300
9.861 18.450 0.550 3.142 18.311
9.872 18.450 0.550 3.142 18.322
9.883 18.450 0.550 3.142 18.333
9.894 18.450 0.550 3.142 18.344
9.906 18.450 0.550 3.142 18.356
9.917 18.450 0.550 3.142 18.367
9.928 18.450 0.550 3.142 18.378
9.939 18.450 0.550 3.142 18.389
9.950 18.450 0.550 3.142 18.400
9.961 18.450 0.550 3.142 18.411
9.972 18.450 0.550 3.142 18.422
9.983 18.450 0.550 3.142 18.433
9.994 18.450 0.550 3.142 18.444
10.006 18.450 0.550 3.142 18.456
10.017 18.450 0.550 3.142 18.467
10.028 18.450 0.550 3.142 18.478
10.039 18.450 0.550 3.142 18.489
10.050 18.450 0.550 3.142 18.500
10.061 18.450 0.550 3.142 18.511
10.072 18.450 0.550 3.142 18.522
10.083 18.450 0.550 3.142 18.533
10.094 18.450 0.550 3.142 18.544
10.106 18.450 0.550 3.142 18.556
10.117 18.450 0.550 3.142 18.567
10.128 18.450 0.550 3.142 18.578
10.139 18.450 0.550 3.142 18.589
10.150 18.450 0.550 3.142 18.600
10.161 18.450 0.550 3.142 18.611
10.172 18.450 0.550 3.142 18.622
10.183 18.450 0.550 3.142 18.633
10.194 18.450 0.550 3.142 18.644
10.206 18.450 0.550 3.142 18.656
10.217 18.450 0.550 3.142 18.667
10.228 18.450 0.550 3.142 18.678
10.239 18.450 0.550 3.142 18.689
10.250 18.450 0.550 3.142 18.700
10.261 18.450 0.550 3.142 18.711
10.272 18.450 0.550 3.142 18.722
10.283 18.450 0.550 3.142 18.733
10.294 18.450 0.550 3.142 18.744
10.306 18.450 0.550 3.142 18.756
10.317 18.450 0.550 3.142 18.767
10.328 18.450 0.550 3.142 18.778
10.339 18.450 0.550 3.142 18.789
10.350 18.450 0.550 3.142 18.800
10.361 18.450 0.550 3.142 18.811
10.372 18.450 0.550 3.142 18.822
10.383 18.450 0.550 3.142 18.833
10.394 18.450 0.550 3.142 18.844
10.406 18.450 0.550 3.142 18.856
10.417 18.450 0.550 3.142 18.867
10.428 18.450 0.550 3.142 18.878
10.439 18.450 0.550 3.142 18.889
10.450 18.450 0.550 3.142 18.900
10.461 18.450 0.550 3.142 18.911
10.472 18.450 0.550 3.142 18.922
10.483 18.450 0.550 3.142 18.933
10.494 18.450 0.550 3.142 18.944
10.506 18.450 0.550 3.142 18.956
10.517 18.450 0.550 3.142 18.967
10.528 18.450 0.550 3.142 18.978
10.539 18.450 0.550 3.142 18.989
10.550 18.450 0.550 3.142 19.000
10.561 18.450 0.550 3.142 19.011
10.572 18.450 0.550 3.142 19.022
10.583 18.450 0.550 3.142 19.033
10.594 18.450 0.550 3.142 19.044
10.606 18.450 0.550 3.142 19.056
10.617 18.450 0.550 3.142 19.067
10.628 18.450 0.550 3.142 19.078
10.639 18.450 0.550 3.142 19.089
10.650 18.450 0.550 3.142 19.100
10.661 18.450 0.550 3.142 19.111
10.672 18.450 0.550 3.142 19.122
10.683 18.450 0.550 3.142 19.133
10.694 18.450 0.550 3.142 19.144
10.706 18.450 0.550 3.142 19.156
10.717 18.450 0.550 3.142 19.167
10.728 18.450 0.550 3.142 19.178
10.739 18.450 0.550 3.142 19.189
10.750 18.450 0.550 3.142 19.200
10.761 18.450 0.550 3.142 19.211
10.772 18.450 0.550 3.142 19.222
10.783 18.450 0.550 3.142 19.233
10.794 18.450 0.550 3.142 19.244
10.806 18.450 0.550 3.142 19.256
10.817 18.450 0.550 3.142 19.267
10.828 18.450 0.550 3.142 19.278
10.839 18.450 0.550 3.142 19.289
10.850 18.450 0.550 3.142 19.300
10.861 18.450 0.550 3.142 19.311
10.872 18.450 0.550 3.142 19.322
10.883 18.450 0.550 3.142 19.333
10.894 18.450 0.550 3.142 19.344
10.906 18.450 0.550 3.142 19.356
10.917 18.450 0.550 3.142 19.367
10.928 18.450 0.550 3.142 19.378
10.939 18.450 0.550 3.142 19.389
10.950 18.450 0.550 3.142 19.400
10.961 18.450 0.550 3.142 19.411
10.972 18.450 0.550 3.142 19.422
10.983 18.450 0.550 3.142 19.433
10.994 18.450 0.550 3.142 19.444
11.006 18.450 0.550 3.142 19.456
11.017 18.450 0.550 3.142 19.467
11.028 18.450 0.550 3.142 19.478
11.039 18.450 0.550 3.142 19.489
11.050 18.450 0.550 3.142 19.500
11.061 18.450 0.550 3.142 19.511
11.072 18.450 0.550 3.142 19.522
11.083 18.450 0.550 3.142 19.533
11.094 18.450 0.550 3.142 19.544
11.106 18.450 0.550 3.142 19.556
11.117 18.450 0.550 3.142 19.567
11.128 18.450 0.550 3.142 19.578
11.139 18.450 0.550 3.142 19.589
11.150 18.450 0.550 3.142 19.600
11.161 18.450 0.550 3.142 19.611
11.172 18.450 0.550 3.142 19.622
11.183 18.450 0.550 3.142 19.633
11.194 18.450 0.550 3.142 19.644
11.206 18.450 0.550 3.142 19.656
11.217 18.450 0.550 3.142 19.667
11.228 18.450 0.550 3.142 19.678
11.239 18.450 0.550 3.142 19.689
11.250 18.450 0.550 3.142 19.700
11.261 18.450 0.550 3.142 19.711
11.272 18.450 0.550 3.142 19.722
11.283 18.450 0.550 3.142 19.733
11.294 18.450 0.550 3.142 19.744
11.306 18.450 0.550 3.142 19.756
11.317 18.450 0.550 3.142 19.767
11.328 18.450 0.550 3.142 19.778
11.339 18.450 0.550 3.142 19.789
11.350 18.450 0.550 3.142 19.800
11.361 18.450 0.550 3.142 19.811
11.372 18.450 0.550 3.142 19.822
11.383 18.450 0.550 3.142 19.833
11.394 18.450 0.550 3.142 19.844
11.406 18.450 0.550 3.142 19.856
11.417 18.450 0.550 3.142 19.867
11.428 18.450 0.550 3.142 19.878
11.439 18.450 0.550 3.142 19.889
11.450 18.450 0.550 3.142 19.900
11.450 18.450 0.550 3.098 19.911
11.450 18.450 0.550 3.054 19.922
11.450 18.450 0.550 3.011 19.933
11.450 18.450 0.550 2.967 19.944
11.450 18.450 0.550 2.923 19.956
11.450 18.450 0.550 2.880 19.967
11.450 18.450 0.550 2.836 19.978
11.450 18.450 0.550 2.792 19.989
11.450 18.450 0.550 2.749 20.000
11.450 18.450 0.550 2.705 20.011
11.450 18.450 0.550 2.662 20.022
11.450 18.450 0.550 2.618 20.033
11.450 18.450 0.550 2.574 20.044
11.450 18.450 0.550 2.531 20.056
11.450 18.450 0.550 2.487 20.067
11.450 18.450 0.550 2.443 20.078
11.450 18.450 0.550 2.400 20.089
11.450 18.450 0.550 2.356 20.100
11.450 18.450 0.550 2.313 20.111
11.450 18.450 0.550 2.269 20.122
11.450 18.450 0.550 2.225 20.133
11.450 18.450 0.550 2.182 20.144
11.450 18.450 0.550 2.138 20.156
11.450 18.450 0.550 2.094 20.167
11.450 18.450 0.550 2.051 20.178
11.450 18.450 0.550 2.007 20.189
11.450 18.450 0.550 1.964 20.200
11.450 18.450 0.550 1.920 20.211
11.450 18.450 0.550 1.876 20.222
11.450 18.450 0.550 1.833 20.233
11.450 18.450 0.550 1.789 20.244
11.450 18.450 0.550 1.745 20.256
11.450 18.450 0.550 1.702 20.267
11.450 18.450 0.550 1.658 20.278
11.450 18.450 0.550 1.614 20.289
11.450 18.450 0.550 1.571 20.300
11.450 18.461 0.550 1.571 20.311
11.450 18.472 0.550 1.571 20.322
11.450 18.483 0.550 1.571 20.333
11.450 18.494 0.550 1.571 20.344
11.450 18.506 0.550 1.571 20.356
11.450 18.517 0.550 1.571 20.367
11.450 18.528 0.550 1.571 20.378
11.450 18.539 0.550 1.571 20.389
11.450 18.550 0.550 1.571 20.400
11.450 18.550 0.550 1.614 20.411
11.450 18.550 0.550 1.658 20.422
11.450 18.550 0.550 1.702 20.433
11.450 18.550 0.550 1.745 20.444
11.450 18.550 0.550 1.789 20.456
11.450 18.550 0.550 1.833 20.467
11.450 18.550 0.550 1.876 20.478
11.450 18.550 0.550 1.920 20.489
