7.850 26.850 0.550 3.927 0.200
7.850 26.850 0.561 3.927 0.211
7.850 26.850 0.572 3.927 0.222
7.850 26.850 0.583 3.927 0.233
7.850 26.850 0.594 3.927 0.244
7.850 26.850 0.606 3.927 0.256
7.850 26.850 0.617 3.927 0.267
7.850 26.850 0.628 3.927 0.278
7.850 26.850 0.639 3.927 0.289
7.850 26.850 0.650 3.927 0.100
7.850 26.850 0.661 3.927 0.111
7.850 26.850 0.672 3.927 0.122
7.850 26.850 0.683 3.927 0.133
7.850 26.850 0.694 3.927 0.144
7.850 26.850 0.706 3.927 0.156
7.850 26.850 0.717 3.927 0.167
7.850 26.850 0.728 3.927 0.178
7.850 26.850 0.739 3.927 0.189
7.850 26.850 0.750 3.927 0.200
7.850 26.850 0.761 3.927 0.211
7.850 26.850 0.772 3.927 0.222
7.850 26.850 0.783 3.927 0.233
7.850 26.850 0.794 3.927 0.244
7.850 26.850 0.806 3.927 0.256
7.850 26.850 0.817 3.927 0.267
7.850 26.850 0.828 3.927 0.278
7.850 26.850 0.839 3.927 0.289
7.850 26.850 0.850 3.927 0.300
7.839 26.839 0.850 3.927 0.322
7.828 26.828 0.850 3.927 0.344
7.817 26.817 0.850 3.927 0.367
7.806 26.806 0.850 3.927 0.389
7.794 26.794 0.850 3.927 0.411
7.783 26.783 0.850 3.927 0.433
7.772 26.772 0.850 3.927 0.456
7.761 26.761 0.850 3.927 0.478
7.750 26.750 0.850 3.927 0.500
7.750 26.750 0.850 3.883 0.511
7.750 26.750 0.850 3.840 0.522
7.750 26.750 0.850 3.796 0.533
7.750 26.750 0.850 3.752 0.544
7.750 26.750 0.850 3.709 0.556
7.750 26.750 0.850 3.665 0.567
7.750 26.750 0.850 3.622 0.578
7.750 26.750 0.850 3.578 0.589
7.750 26.750 0.850 3.534 0.600
7.750 26.750 0.850 3.491 0.611
7.750 26.750 0.850 3.447 0.622
7.750 26.750 0.850 3.403 0.633
7.750 26.750 0.850 3.360 0.644
7.750 26.750 0.850 3.316 0.656
7.750 26.750 0.850 3.272 0.667
7.750 26.750 0.850 3.229 0.678
7.750 26.750 0.850 3.185 0.689
7.750 26.750 0.850 3.142 0.700
7.761 26.750 0.850 3.142 0.711
7.772 26.750 0.850 3.142 0.722
7.783 26.750 0.850 3.142 0.733
7.794 26.750 0.850 3.142 0.744
7.806 26.750 0.850 3.142 0.756
7.817 26.750 0.850 3.142 0.767
7.828 26.750 0.850 3.142 0.778
7.839 26.750 0.850 3.142 0.789
7.850 26.750 0.850 3.142 0.800
7.861 26.750 0.850 3.142 0.811
7.872 26.750 0.850 3.142 0.822
7.883 26.750 0.850 3.142 0.833
7.894 26.750 0.850 3.142 0.844
7.906 26.750 0.850 3.142 0.856
7.917 26.750 0.850 3.142 0.867
7.928 26.750 0.850 3.142 0.878
7.939 26.750 0.850 3.142 0.889
7.950 26.750 0.850 3.142 0.900
7.961 26.750 0.850 3.142 0.911
7.972 26.750 0.850 3.142 0.922
7.983 26.750 0.850 3.142 0.933
7.994 26.750 0.850 3.142 0.944
8.006 26.750 0.850 3.142 0.956
8.017 26.750 0.850 3.142 0.967
8.028 26.750 0.850 3.142 0.978
8.039 26.750 0.850 3.142 0.989
8.050 26.750 0.850 3.142 1.000
8.061 26.750 0.850 3.142 1.011
8.072 26.750 0.850 3.142 1.022
8.083 26.750 0.850 3.142 1.033
8.094 26.750 0.850 3.142 1.044
8.106 26.750 0.850 3.142 1.056
8.117 26.750 0.850 3.142 1.067
8.128 26.750 0.850 3.142 1.078
8.139 26.750 0.850 3.142 1.089
8.150 26.750 0.850 3.142 1.100
8.161 26.750 0.850 3.142 1.111
8.172 26.750 0.850 3.142 1.122
8.183 26.750 0.850 3.142 1.133
8.194 26.750 0.850 3.142 1.144
8.206 26.750 0.850 3.142 1.156
8.217 26.750 0.850 3.142 1.167
8.228 26.750 0.850 3.142 1.178
8.239 26.750 0.850 3.142 1.189
8.250 26.750 0.850 3.142 1.200
8.261 26.750 0.850 3.142 1.211
8.272 26.750 0.850 3.142 1.222
8.283 26.750 0.850 3.142 1.233
8.294 26.750 0.850 3.142 1.244
8.306 26.750 0.850 3.142 1.256
8.317 26.750 0.850 3.142 1.267
8.328 26.750 0.850 3.142 1.278
8.339 26.750 0.850 3.142 1.289
8.350 26.750 0.850 3.142 1.300
8.361 26.750 0.850 3.142 1.311
8.372 26.750 0.850 3.142 1.322
8.383 26.750 0.850 3.142 1.333
8.394 26.750 0.850 3.142 1.344
8.406 26.750 0.850 3.142 1.356
8.417 26.750 0.850 3.142 1.367
8.428 26.750 0.850 3.142 1.378
8.439 26.750 0.850 3.142 1.389
8.450 26.750 0.850 3.142 1.400
8.461 26.750 0.850 3.142 1.411
8.472 26.750 0.850 3.142 1.422
8.483 26.750 0.850 3.142 1.433
8.494 26.750 0.850 3.142 1.444
8.506 26.750 0.850 3.142 1.456
8.517 26.750 0.850 3.142 1.467
8.528 26.750 0.850 3.142 1.478
8.539 26.750 0.850 3.142 1.489
8.550 26.750 0.850 3.142 1.500
8.561 26.750 0.850 3.142 1.511
8.572 26.750 0.850 3.142 1.522
8.583 26.750 0.850 3.142 1.533
8.594 26.750 0.850 3.142 1.544
8.606 26.750 0.850 3.142 1.556
8.617 26.750 0.850 3.142 1.567
8.628 26.750 0.850 3.142 1.578
8.639 26.750 0.850 3.142 1.589
8.650 26.750 0.850 3.142 1.600
8.661 26.750 0.850 3.142 1.611
8.672 26.750 0.850 3.142 1.622
8.683 26.750 0.850 3.142 1.633
8.694 26.750 0.850 3.142 1.644
8.706 26.750 0.850 3.142 1.656
8.717 26.750 0.850 3.142 1.667
8.728 26.750 0.850 3.142 1.678
8.739 26.750 0.850 3.142 1.689
8.750 26.750 0.850 3.142 1.700
8.761 26.750 0.850 3.142 1.711
8.772 26.750 0.850 3.142 1.722
8.783 26.750 0.850 3.142 1.733
8.794 26.750 0.850 3.142 1.744
8.806 26.750 0.850 3.142 1.756
8.817 26.750 0.850 3.142 1.767
8.828 26.750 0.850 3.142 1.778
8.839 26.750 0.850 3.142 1.789
8.850 26.750 0.850 3.142 1.800
8.861 26.750 0.850 3.142 1.811
8.872 26.750 0.850 3.142 1.822
8.883 26.750 0.850 3.142 1.833
8.894 26.750 0.850 3.142 1.844
8.906 26.750 0.850 3.142 1.856
8.917 26.750 0.850 3.142 1.867
8.928 26.750 0.850 3.142 1.878
8.939 26.750 0.850 3.142 1.889
8.950 26.750 0.850 3.142 1.900
8.961 26.750 0.850 3.142 1.911
8.972 26.750 0.850 3.142 1.922
8.983 26.750 0.850 3.142 1.933
8.994 26.750 0.850 3.142 1.944
9.006 26.750 0.850 3.142 1.956
9.017 26.750 0.850 3.142 1.967
9.028 26.750 0.850 3.142 1.978
9.039 26.750 0.850 3.142 1.989
9.050 26.750 0.850 3.142 2.000
9.061 26.750 0.850 3.142 2.011
9.072 26.750 0.850 3.142 2.022
9.083 26.750 0.850 3.142 2.033
9.094 26.750 0.850 3.142 2.044
9.106 26.750 0.850 3.142 2.056
9.117 26.750 0.850 3.142 2.067
9.128 26.750 0.850 3.142 2.078
9.139 26.750 0.850 3.142 2.089
9.150 26.750 0.850 3.142 2.100
9.161 26.750 0.850 3.142 2.111
9.172 26.750 0.850 3.142 2.122
9.183 26.750 0.850 3.142 2.133
9.194 26.750 0.850 3.142 2.144
9.206 26.750 0.850 3.142 2.156
9.217 26.750 0.850 3.142 2.167
9.228 26.750 0.850 3.142 2.178
9.239 26.750 0.850 3.142 2.189
9.250 26.750 0.850 3.142 2.200
9.261 26.750 0.850 3.142 2.211
9.272 26.750 0.850 3.142 2.222
9.283 26.750 0.850 3.142 2.233
9.294 26.750 0.850 3.142 2.244
9.306 26.750 0.850 3.142 2.256
9.317 26.750 0.850 3.142 2.267
9.328 26.750 0.850 3.142 2.278
9.339 26.750 0.850 3.142 2.289
9.350 26.750 0.850 3.142 2.300
9.361 26.750 0.850 3.142 2.311
9.372 26.750 0.850 3.142 2.322
9.383 26.750 0.850 3.142 2.333
9.394 26.750 0.850 3.142 2.344
9.406 26.750 0.850 3.142 2.356
9.417 26.750 0.850 3.142 2.367
9.428 26.750 0.850 3.142 2.378
9.439 26.750 0.850 3.142 2.389
9.450 26.750 0.850 3.142 2.400
9.461 26.750 0.850 3.142 2.411
9.472 26.750 0.850 3.142 2.422
9.483 26.750 0.850 3.142 2.433
9.494 26.750 0.850 3.142 2.444
9.506 26.750 0.850 3.142 2.456
9.517 26.750 0.850 3.142 2.467
9.528 26.750 0.850 3.142 2.478
9.539 26.750 0.850 3.142 2.489
9.550 26.750 0.850 3.142 2.500
9.561 26.750 0.850 3.142 2.511
9.572 26.750 0.850 3.142 2.522
9.583 26.750 0.850 3.142 2.533
9.594 26.750 0.850 3.142 2.544
9.606 26.750 0.850 3.142 2.556
9.617 26.750 0.850 3.142 2.567
9.628 26.750 0.850 3.142 2.578
9.639 26.750 0.850 3.142 2.589
9.650 26.750 0.850 3.142 2.600
9.661 26.750 0.850 3.142 2.611
9.672 26.750 0.850 3.142 2.622
9.683 26.750 0.850 3.142 2.633
9.694 26.750 0.850 3.142 2.644
9.706 26.750 0.850 3.142 2.656
9.717 26.750 0.850 3.142 2.667
9.728 26.750 0.850 3.142 2.678
9.739 26.750 0.850 3.142 2.689
9.750 26.750 0.850 3.142 2.700
9.761 26.750 0.850 3.142 2.711
9.772 26.750 0.850 3.142 2.722
9.783 26.750 0.850 3.142 2.733
9.794 26.750 0.850 3.142 2.744
9.806 26.750 0.850 3.142 2.756
9.817 26.750 0.850 3.142 2.767
9.828 26.750 0.850 3.142 2.778
9.839 26.750 0.850 3.142 2.789
9.850 26.750 0.850 3.142 2.800
9.861 26.750 0.850 3.142 2.811
9.872 26.750 0.850 3.142 2.822
9.883 26.750 0.850 3.142 2.833
9.894 26.750 0.850 3.142 2.844
9.906 26.750 0.850 3.142 2.856
9.917 26.750 0.850 3.142 2.867
9.928 26.750 0.850 3.142 2.878
9.939 26.750 0.850 3.142 2.889
9.950 26.750 0.850 3.142 2.900
9.961 26.750 0.850 3.142 2.911
9.972 26.750 0.850 3.142 2.922
9.983 26.750 0.850 3.142 2.933
9.994 26.750 0.850 3.142 2.944
10.006 26.750 0.850 3.142 2.956
10.017 26.750 0.850 3.142 2.967
10.028 26.750 0.850 3.142 2.978
10.039 26.750 0.850 3.142 2.989
10.050 26.750 0.850 3.142 3.000
10.061 26.750 0.850 3.142 3.011
10.072 26.750 0.850 3.142 3.022
10.083 26.750 0.850 3.142 3.033
10.094 26.750 0.850 3.142 3.044
10.106 26.750 0.850 3.142 3.056
10.117 26.750 0.850 3.142 3.067
10.128 26.750 0.850 3.142 3.078
10.139 26.750 0.850 3.142 3.089
10.150 26.750 0.850 3.142 3.100
10.161 26.750 0.850 3.142 3.111
10.172 26.750 0.850 3.142 3.122
10.183 26.750 0.850 3.142 3.133
10.194 26.750 0.850 3.142 3.144
10.206 26.750 0.850 3.142 3.156
10.217 26.750 0.850 3.142 3.167
10.228 26.750 0.850 3.142 3.178
10.239 26.750 0.850 3.142 3.189
10.250 26.750 0.850 3.142 3.200
10.261 26.750 0.850 3.142 3.211
10.272 26.750 0.850 3.142 3.222
10.283 26.750 0.850 3.142 3.233
10.294 26.750 0.850 3.142 3.244
10.306 26.750 0.850 3.142 3.256
10.317 26.750 0.850 3.142 3.267
10.328 26.750 0.850 3.142 3.278
10.339 26.750 0.850 3.142 3.289
10.350 26.750 0.850 3.142 3.300
10.361 26.750 0.850 3.142 3.311
10.372 26.750 0.850 3.142 3.322
10.383 26.750 0.850 3.142 3.333
10.394 26.750 0.850 3.142 3.344
10.406 26.750 0.850 3.142 3.356
10.417 26.750 0.850 3.142 3.367
10.428 26.750 0.850 3.142 3.378
10.439 26.750 0.850 3.142 3.389
10.450 26.750 0.850 3.142 3.400
10.461 26.750 0.850 3.142 3.411
10.472 26.750 0.850 3.142 3.422
10.483 26.750 0.850 3.142 3.433
10.494 26.750 0.850 3.142 3.444
10.506 26.750 0.850 3.142 3.456
10.517 26.750 0.850 3.142 3.467
10.528 26.750 0.850 3.142 3.478
10.539 26.750 0.850 3.142 3.489
10.550 26.750 0.850 3.142 3.500
10.561 26.750 0.850 3.142 3.511
10.572 26.750 0.850 3.142 3.522
10.583 26.750 0.850 3.142 3.533
10.594 26.750 0.850 3.142 3.544
10.606 26.750 0.850 3.142 3.556
10.617 26.750 0.850 3.142 3.567
10.628 26.750 0.850 3.142 3.578
10.639 26.750 0.850 3.142 3.589
10.650 26.750 0.850 3.142 3.600
10.661 26.750 0.850 3.142 3.611
10.672 26.750 0.850 3.142 3.622
10.683 26.750 0.850 3.142 3.633
10.694 26.750 0.850 3.142 3.644
10.706 26.750 0.850 3.142 3.656
10.717 26.750 0.850 3.142 3.667
10.728 26.750 0.850 3.142 3.678
10.739 26.750 0.850 3.142 3.689
10.750 26.750 0.850 3.142 3.700
10.761 26.750 0.850 3.142 3.711
10.772 26.750 0.850 3.142 3.722
10.783 26.750 0.850 3.142 3.733
10.794 26.750 0.850 3.142 3.744
10.806 26.750 0.850 3.142 3.756
10.817 26.750 0.850 3.142 3.767
10.828 26.750 0.850 3.142 3.778
10.839 26.750 0.850 3.142 3.789
10.850 26.750 0.850 3.142 3.800
10.861 26.750 0.850 3.142 3.811
10.872 26.750 0.850 3.142 3.822
10.883 26.750 0.850 3.142 3.833
10.894 26.750 0.850 3.142 3.844
10.906 26.750 0.850 3.142 3.856
10.917 26.750 0.850 3.142 3.867
10.928 26.750 0.850 3.142 3.878
10.939 26.750 0.850 3.142 3.889
10.950 26.750 0.850 3.142 3.900
10.961 26.750 0.850 3.142 3.911
10.972 26.750 0.850 3.142 3.922
10.983 26.750 0.850 3.142 3.933
10.994 26.750 0.850 3.142 3.944
11.006 26.750 0.850 3.142 3.956
11.017 26.750 0.850 3.142 3.967
11.028 26.750 0.850 3.142 3.978
11.039 26.750 0.850 3.142 3.989
11.050 26.750 0.850 3.142 4.000
11.061 26.750 0.850 3.142 4.011
11.072 26.750 0.850 3.142 4.022
11.083 26.750 0.850 3.142 4.033
11.094 26.750 0.850 3.142 4.044
11.106 26.750 0.850 3.142 4.056
11.117 26.750 0.850 3.142 4.067
11.128 26.750 0.850 3.142 4.078
11.139 26.750 0.850 3.142 4.089
11.150 26.750 0.850 3.142 4.100
11.161 26.750 0.850 3.142 4.111
11.172 26.750 0.850 3.142 4.122
11.183 26.750 0.850 3.142 4.133
11.194 26.750 0.850 3.142 4.144
11.206 26.750 0.850 3.142 4.156
11.217 26.750 0.850 3.142 4.167
11.228 26.750 0.850 3.142 4.178
11.239 26.750 0.850 3.142 4.189
11.250 26.750 0.850 3.142 4.200
11.261 26.750 0.850 3.142 4.211
11.272 26.750 0.850 3.142 4.222
11.283 26.750 0.850 3.142 4.233
11.294 26.750 0.850 3.142 4.244
11.306 26.750 0.850 3.142 4.256
11.317 26.750 0.850 3.142 4.267
11.328 26.750 0.850 3.142 4.278
11.339 26.750 0.850 3.142 4.289
11.350 26.750 0.850 3.142 4.300
11.361 26.750 0.850 3.142 4.311
11.372 26.750 0.850 3.142 4.322
11.383 26.750 0.850 3.142 4.333
11.394 26.750 0.850 3.142 4.344
11.406 26.750 0.850 3.142 4.356
11.417 26.750 0.850 3.142 4.367
11.428 26.750 0.850 3.142 4.378
11.439 26.750 0.850 3.142 4.389
11.450 26.750 0.850 3.142 4.400
11.461 26.750 0.850 3.142 4.411
11.472 26.750 0.850 3.142 4.422
11.483 26.750 0.850 3.142 4.433
11.494 26.750 0.850 3.142 4.444
11.506 26.750 0.850 3.142 4.456
11.517 26.750 0.850 3.142 4.467
11.528 26.750 0.850 3.142 4.478
11.539 26.750 0.850 3.142 4.489
11.550 26.750 0.850 3.142 4.500
11.561 26.750 0.850 3.142 4.511
11.572 26.750 0.850 3.142 4.522
11.583 26.750 0.850 3.142 4.533
11.594 26.750 0.850 3.142 4.544
11.606 26.750 0.850 3.142 4.556
11.617 26.750 0.850 3.142 4.567
11.628 26.750 0.850 3.142 4.578
11.639 26.750 0.850 3.142 4.589
11.650 26.750 0.850 3.142 4.600
11.661 26.750 0.850 3.142 4.611
11.672 26.750 0.850 3.142 4.622
11.683 26.750 0.850 3.142 4.633
11.694 26.750 0.850 3.142 4.644
11.706 26.750 0.850 3.142 4.656
11.717 26.750 0.850 3.142 4.667
11.728 26.750 0.850 3.142 4.678
11.739 26.750 0.850 3.142 4.689
11.750 26.750 0.850 3.142 4.700
11.761 26.750 0.850 3.142 4.711
11.772 26.750 0.850 3.142 4.722
11.783 26.750 0.850 3.142 4.733
11.794 26.750 0.850 3.142 4.744
11.806 26.750 0.850 3.142 4.756
11.817 26.750 0.850 3.142 4.767
11.828 26.750 0.850 3.142 4.778
11.839 26.750 0.850 3.142 4.789
11.850 26.750 0.850 3.142 4.800
11.861 26.750 0.850 3.142 4.811
11.872 26.750 0.850 3.142 4.822
11.883 26.750 0.850 3.142 4.833
11.894 26.750 0.850 3.142 4.844
11.906 26.750 0.850 3.142 4.856
11.917 26.750 0.850 3.142 4.867
11.928 26.750 0.850 3.142 4.878
11.939 26.750 0.850 3.142 4.889
11.950 26.750 0.850 3.142 4.900
11.961 26.750 0.850 3.142 4.911
11.972 26.750 0.850 3.142 4.922
11.983 26.750 0.850 3.142 4.933
11.994 26.750 0.850 3.142 4.944
12.006 26.750 0.850 3.142 4.956
12.017 26.750 0.850 3.142 4.967
12.028 26.750 0.850 3.142 4.978
12.039 26.750 0.850 3.142 4.989
12.050 26.750 0.850 3.142 5.000
12.061 26.750 0.850 3.142 5.011
12.072 26.750 0.850 3.142 5.022
12.083 26.750 0.850 3.142 5.033
12.094 26.750 0.850 3.142 5.044
12.106 26.750 0.850 3.142 5.056
12.117 26.750 0.850 3.142 5.067
12.128 26.750 0.850 3.142 5.078
12.139 26.750 0.850 3.142 5.089
12.150 26.750 0.850 3.142 5.100
12.161 26.750 0.850 3.142 5.111
12.172 26.750 0.850 3.142 5.122
12.183 26.750 0.850 3.142 5.133
12.194 26.750 0.850 3.142 5.144
12.206 26.750 0.850 3.142 5.156
12.217 26.750 0.850 3.142 5.167
12.228 26.750 0.850 3.142 5.178
12.239 26.750 0.850 3.142 5.189
12.250 26.750 0.850 3.142 5.200
12.261 26.750 0.850 3.142 5.211
12.272 26.750 0.850 3.142 5.222
12.283 26.750 0.850 3.142 5.233
12.294 26.750 0.850 3.142 5.244
12.306 26.750 0.850 3.142 5.256
12.317 26.750 0.850 3.142 5.267
12.328 26.750 0.850 3.142 5.278
12.339 26.750 0.850 3.142 5.289
12.350 26.750 0.850 3.142 5.300
12.361 26.750 0.850 3.142 5.311
12.372 26.750 0.850 3.142 5.322
12.383 26.750 0.850 3.142 5.333
12.394 26.750 0.850 3.142 5.344
12.406 26.750 0.850 3.142 5.356
12.417 26.750 0.850 3.142 5.367
12.428 26.750 0.850 3.142 5.378
12.439 26.750 0.850 3.142 5.389
12.450 26.750 0.850 3.142 5.400
12.461 26.750 0.850 3.142 5.411
12.472 26.750 0.850 3.142 5.422
12.483 26.750 0.850 3.142 5.433
12.494 26.750 0.850 3.142 5.444
12.506 26.750 0.850 3.142 5.456
12.517 26.750 0.850 3.142 5.467
12.528 26.750 0.850 3.142 5.478
12.539 26.750 0.850 3.142 5.489
12.550 26.750 0.850 3.142 5.500
12.561 26.750 0.850 3.142 5.511
12.572 26.750 0.850 3.142 5.522
12.583 26.750 0.850 3.142 5.533
12.594 26.750 0.850 3.142 5.544
12.606 26.750 0.850 3.142 5.556
12.617 26.750 0.850 3.142 5.567
12.628 26.750 0.850 3.142 5.578
12.639 26.750 0.850 3.142 5.589
12.650 26.750 0.850 3.142 5.600
12.661 26.750 0.850 3.142 5.611
12.672 26.750 0.850 3.142 5.622
12.683 26.750 0.850 3.142 5.633
12.694 26.750 0.850 3.142 5.644
12.706 26.750 0.850 3.142 5.656
12.717 26.750 0.850 3.142 5.667
12.728 26.750 0.850 3.142 5.678
12.739 26.750 0.850 3.142 5.689
12.750 26.750 0.850 3.142 5.700
12.761 26.750 0.850 3.142 5.711
12.772 26.750 0.850 3.142 5.722
12.783 26.750 0.850 3.142 5.733
12.794 26.750 0.850 3.142 5.744
12.806 26.750 0.850 3.142 5.756
12.817 26.750 0.850 3.142 5.767
12.828 26.750 0.850 3.142 5.778
12.839 26.750 0.850 3.142 5.789
12.850 26.750 0.850 3.142 5.800
12.861 26.750 0.850 3.142 5.811
12.872 26.750 0.850 3.142 5.822
12.883 26.750 0.850 3.142 5.833
12.894 26.750 0.850 3.142 5.844
12.906 26.750 0.850 3.142 5.856
12.917 26.750 0.850 3.142 5.867
12.928 26.750 0.850 3.142 5.878
12.939 26.750 0.850 3.142 5.889
12.950 26.750 0.850 3.142 5.900
12.961 26.750 0.850 3.142 5.911
12.972 26.750 0.850 3.142 5.922
12.983 26.750 0.850 3.142 5.933
12.994 26.750 0.850 3.142 5.944
13.006 26.750 0.850 3.142 5.956
13.017 26.750 0.850 3.142 5.967
13.028 26.750 0.850 3.142 5.978
13.039 26.750 0.850 3.142 5.989
13.050 26.750 0.850 3.142 6.000
13.061 26.750 0.850 3.142 6.011
13.072 26.750 0.850 3.142 6.022
13.083 26.750 0.850 3.142 6.033
13.094 26.750 0.850 3.142 6.044
13.106 26.750 0.850 3.142 6.056
13.117 26.750 0.850 3.142 6.067
13.128 26.750 0.850 3.142 6.078
13.139 26.750 0.850 3.142 6.089
13.150 26.750 0.850 3.142 6.100
13.161 26.750 0.850 3.142 6.111
13.172 26.750 0.850 3.142 6.122
13.183 26.750 0.850 3.142 6.133
13.194 26.750 0.850 3.142 6.144
13.206 26.750 0.850 3.142 6.156
13.217 26.750 0.850 3.142 6.167
13.228 26.750 0.850 3.142 6.178
13.239 26.750 0.850 3.142 6.189
13.250 26.750 0.850 3.142 6.200
13.261 26.750 0.850 3.142 6.211
13.272 26.750 0.850 3.142 6.222
13.283 26.750 0.850 3.142 6.233
13.294 26.750 0.850 3.142 6.244
13.306 26.750 0.850 3.142 6.256
13.317 26.750 0.850 3.142 6.267
13.328 26.750 0.850 3.142 6.278
13.339 26.750 0.850 3.142 6.289
13.350 26.750 0.850 3.142 6.300
13.361 26.750 0.850 3.142 6.311
13.372 26.750 0.850 3.142 6.322
13.383 26.750 0.850 3.142 6.333
13.394 26.750 0.850 3.142 6.344
13.406 26.750 0.850 3.142 6.356
13.417 26.750 0.850 3.142 6.367
13.428 26.750 0.850 3.142 6.378
13.439 26.750 0.850 3.142 6.389
13.450 26.750 0.850 3.142 6.400
13.461 26.750 0.850 3.142 6.411
13.472 26.750 0.850 3.142 6.422
13.483 26.750 0.850 3.142 6.433
13.494 26.750 0.850 3.142 6.444
13.506 26.750 0.850 3.142 6.456
13.517 26.750 0.850 3.142 6.467
13.528 26.750 0.850 3.142 6.478
13.539 26.750 0.850 3.142 6.489
13.550 26.750 0.850 3.142 6.500
13.561 26.750 0.850 3.142 6.511
13.572 26.750 0.850 3.142 6.522
13.583 26.750 0.850 3.142 6.533
13.594 26.750 0.850 3.142 6.544
13.606 26.750 0.850 3.142 6.556
13.617 26.750 0.850 3.142 6.567
13.628 26.750 0.850 3.142 6.578
13.639 26.750 0.850 3.142 6.589
13.650 26.750 0.850 3.142 6.600
13.650 26.750 0.850 3.098 6.611
13.650 26.750 0.850 3.054 6.622
13.650 26.750 0.850 3.011 6.633
13.650 26.750 0.850 2.967 6.644
13.650 26.750 0.850 2.923 6.656
13.650 26.750 0.850 2.880 6.667
13.650 26.750 0.850 2.836 6.678
13.650 26.750 0.850 2.792 6.689
13.650 26.750 0.850 2.749 6.700
13.650 26.750 0.850 2.705 6.711
13.650 26.750 0.850 2.662 6.722
13.650 26.750 0.850 2.618 6.733
13.650 26.750 0.850 2.574 6.744
13.650 26.750 0.850 2.531 6.756
13.650 26.750 0.850 2.487 6.767
13.650 26.750 0.850 2.443 6.778
13.650 26.750 0.850 2.400 6.789
13.650 26.750 0.850 2.356 6.800
13.650 26.750 0.850 2.313 6.811
13.650 26.750 0.850 2.269 6.822
13.650 26.750 0.850 2.225 6.833
13.650 26.750 0.850 2.182 6.844
13.650 26.750 0.850 2.138 6.856
13.650 26.750 0.850 2.094 6.867
13.650 26.750 0.850 2.051 6.878
13.650 26.750 0.850 2.007 6.889
13.650 26.750 0.850 1.964 6.900
13.650 26.750 0.850 1.920 6.911
13.650 26.750 0.850 1.876 6.922
13.650 26.750 0.850 1.833 6.933
13.650 26.750 0.850 1.789 6.944
13.650 26.750 0.850 1.745 6.956
13.650 26.750 0.850 1.702 6.967
13.650 26.750 0.850 1.658 6.978
13.650 26.750 0.850 1.614 6.989
13.650 26.750 0.850 1.571 7.000
13.650 26.739 0.850 1.571 7.011
13.650 26.728 0.850 1.571 7.022
13.650 26.717 0.850 1.571 7.033
13.650 26.706 0.850 1.571 7.044
13.650 26.694 0.850 1.571 7.056
13.650 26.683 0.850 1.571 7.067
13.650 26.672 0.850 1.571 7.078
13.650 26.661 0.850 1.571 7.089
13.650 26.650 0.850 1.571 7.100
13.650 26.639 0.850 1.571 7.111
13.650 26.628 0.850 1.571 7.122
13.650 26.617 0.850 1.571 7.133
13.650 26.606 0.850 1.571 7.144
13.650 26.594 0.850 1.571 7.156
13.650 26.583 0.850 1.571 7.167
13.650 26.572 0.850 1.571 7.178
13.650 26.561 0.850 1.571 7.189
13.650 26.550 0.850 1.571 7.200
13.650 26.539 0.850 1.571 7.211
13.650 26.528 0.850 1.571 7.222
13.650 26.517 0.850 1.571 7.233
13.650 26.506 0.850 1.571 7.244
13.650 26.494 0.850 1.571 7.256
13.650 26.483 0.850 1.571 7.267
13.650 26.472 0.850 1.571 7.278
13.650 26.461 0.850 1.571 7.289
13.650 26.450 0.850 1.571 7.300
13.650 26.439 0.850 1.571 7.311
13.650 26.428 0.850 1.571 7.322
13.650 26.417 0.850 1.571 7.333
13.650 26.406 0.850 1.571 7.344
13.650 26.394 0.850 1.571 7.356
13.650 26.383 0.850 1.571 7.367
13.650 26.372 0.850 1.571 7.378
13.650 26.361 0.850 1.571 7.389
13.650 26.350 0.850 1.571 7.400
13.650 26.339 0.850 1.571 7.411
13.650 26.328 0.850 1.571 7.422
13.650 26.317 0.850 1.571 7.433
13.650 26.306 0.850 1.571 7.444
13.650 26.294 0.850 1.571 7.456
13.650 26.283 0.850 1.571 7.467
13.650 26.272 0.850 1.571 7.478
13.650 26.261 0.850 1.571 7.489
13.650 26.250 0.850 1.571 7.500
13.650 26.239 0.850 1.571 7.511
13.650 26.228 0.850 1.571 7.522
13.650 26.217 0.850 1.571 7.533
13.650 26.206 0.850 1.571 7.544
13.650 26.194 0.850 1.571 7.556
13.650 26.183 0.850 1.571 7.567
13.650 26.172 0.850 1.571 7.578
13.650 26.161 0.850 1.571 7.589
13.650 26.150 0.850 1.571 7.600
13.650 26.139 0.850 1.571 7.611
13.650 26.128 0.850 1.571 7.622
13.650 26.117 0.850 1.571 7.633
13.650 26.106 0.850 1.571 7.644
13.650 26.094 0.850 1.571 7.656
13.650 26.083 0.850 1.571 7.667
13.650 26.072 0.850 1.571 7.678
13.650 26.061 0.850 1.571 7.689
13.650 26.050 0.850 1.571 7.700
13.650 26.039 0.850 1.571 7.711
13.650 26.028 0.850 1.571 7.722
13.650 26.017 0.850 1.571 7.733
13.650 26.006 0.850 1.571 7.744
13.650 25.994 0.850 1.571 7.756
13.650 25.983 0.850 1.571 7.767
13.650 25.972 0.850 1.571 7.778
13.650 25.961 0.850 1.571 7.789
13.650 25.950 0.850 1.571 7.800
13.650 25.939 0.850 1.571 7.811
13.650 25.928 0.850 1.571 7.822
13.650 25.917 0.850 1.571 7.833
13.650 25.906 0.850 1.571 7.844
13.650 25.894 0.850 1.571 7.856
13.650 25.883 0.850 1.571 7.867
13.650 25.872 0.850 1.571 7.878
13.650 25.861 0.850 1.571 7.889
13.650 25.850 0.850 1.571 7.900
13.650 25.839 0.850 1.571 7.911
13.650 25.828 0.850 1.571 7.922
13.650 25.817 0.850 1.571 7.933
13.650 25.806 0.850 1.571 7.944
13.650 25.794 0.850 1.571 7.956
13.650 25.783 0.850 1.571 7.967
13.650 25.772 0.850 1.571 7.978
13.650 25.761 0.850 1.571 7.989
13.650 25.750 0.850 1.571 8.000
13.650 25.739 0.850 1.571 8.011
13.650 25.728 0.850 1.571 8.022
13.650 25.717 0.850 1.571 8.033
13.650 25.706 0.850 1.571 8.044
13.650 25.694 0.850 1.571 8.056
13.650 25.683 0.850 1.571 8.067
13.650 25.672 0.850 1.571 8.078
13.650 25.661 0.850 1.571 8.089
13.650 25.650 0.850 1.571 8.100
13.650 25.639 0.850 1.571 8.111
13.650 25.628 0.850 1.571 8.122
13.650 25.617 0.850 1.571 8.133
13.650 25.606 0.850 1.571 8.144
13.650 25.594 0.850 1.571 8.156
13.650 25.583 0.850 1.571 8.167
13.650 25.572 0.850 1.571 8.178
13.650 25.561 0.850 1.571 8.189
13.650 25.550 0.850 1.571 8.200
13.650 25.539 0.850 1.571 8.211
13.650 25.528 0.850 1.571 8.222
13.650 25.517 0.850 1.571 8.233
13.650 25.506 0.850 1.571 8.244
13.650 25.494 0.850 1.571 8.256
13.650 25.483 0.850 1.571 8.267
13.650 25.472 0.850 1.571 8.278
13.650 25.461 0.850 1.571 8.289
13.650 25.450 0.850 1.571 8.300
13.650 25.439 0.850 1.571 8.311
13.650 25.428 0.850 1.571 8.322
13.650 25.417 0.850 1.571 8.333
13.650 25.406 0.850 1.571 8.344
13.650 25.394 0.850 1.571 8.356
13.650 25.383 0.850 1.571 8.367
13.650 25.372 0.850 1.571 8.378
13.650 25.361 0.850 1.571 8.389
13.650 25.350 0.850 1.571 8.400
13.650 25.339 0.850 1.571 8.411
13.650 25.328 0.850 1.571 8.422
13.650 25.317 0.850 1.571 8.433
13.650 25.306 0.850 1.571 8.444
13.650 25.294 0.850 1.571 8.456
13.650 25.283 0.850 1.571 8.467
13.650 25.272 0.850 1.571 8.478
13.650 25.261 0.850 1.571 8.489
13.650 25.250 0.850 1.571 8.500
13.650 25.239 0.850 1.571 8.511
13.650 25.228 0.850 1.571 8.522
13.650 25.217 0.850 1.571 8.533
13.650 25.206 0.850 1.571 8.544
13.650 25.194 0.850 1.571 8.556
13.650 25.183 0.850 1.571 8.567
13.650 25.172 0.850 1.571 8.578
13.650 25.161 0.850 1.571 8.589
13.650 25.150 0.850 1.571 8.600
13.650 25.139 0.850 1.571 8.611
13.650 25.128 0.850 1.571 8.622
13.650 25.117 0.850 1.571 8.633
13.650 25.106 0.850 1.571 8.644
13.650 25.094 0.850 1.571 8.656
13.650 25.083 0.850 1.571 8.667
13.650 25.072 0.850 1.571 8.678
13.650 25.061 0.850 1.571 8.689
13.650 25.050 0.850 1.571 8.700
13.650 25.039 0.850 1.571 8.711
13.650 25.028 0.850 1.571 8.722
13.650 25.017 0.850 1.571 8.733
13.650 25.006 0.850 1.571 8.744
13.650 24.994 0.850 1.571 8.756
13.650 24.983 0.850 1.571 8.767
13.650 24.972 0.850 1.571 8.778
13.650 24.961 0.850 1.571 8.789
13.650 24.950 0.850 1.571 8.800
13.650 24.939 0.850 1.571 8.811
13.650 24.928 0.850 1.571 8.822
13.650 24.917 0.850 1.571 8.833
13.650 24.906 0.850 1.571 8.844
13.650 24.894 0.850 1.571 8.856
13.650 24.883 0.850 1.571 8.867
13.650 24.872 0.850 1.571 8.878
13.650 24.861 0.850 1.571 8.889
13.650 24.850 0.850 1.571 8.900
13.650 24.839 0.850 1.571 8.911
13.650 24.828 0.850 1.571 8.922
13.650 24.817 0.850 1.571 8.933
13.650 24.806 0.850 1.571 8.944
13.650 24.794 0.850 1.571 8.956
13.650 24.783 0.850 1.571 8.967
13.650 24.772 0.850 1.571 8.978
13.650 24.761 0.850 1.571 8.989
13.650 24.750 0.850 1.571 9.000
13.650 24.739 0.850 1.571 9.011
13.650 24.728 0.850 1.571 9.022
13.650 24.717 0.850 1.571 9.033
13.650 24.706 0.850 1.571 9.044
13.650 24.694 0.850 1.571 9.056
13.650 24.683 0.850 1.571 9.067
13.650 24.672 0.850 1.571 9.078
13.650 24.661 0.850 1.571 9.089
13.650 24.650 0.850 1.571 9.100
13.650 24.639 0.850 1.571 9.111
13.650 24.628 0.850 1.571 9.122
13.650 24.617 0.850 1.571 9.133
13.650 24.606 0.850 1.571 9.144
13.650 24.594 0.850 1.571 9.156
13.650 24.583 0.850 1.571 9.167
13.650 24.572 0.850 1.571 9.178
13.650 24.561 0.850 1.571 9.189
13.650 24.550 0.850 1.571 9.200
13.650 24.539 0.850 1.571 9.211
13.650 24.528 0.850 1.571 9.222
13.650 24.517 0.850 1.571 9.233
13.650 24.506 0.850 1.571 9.244
13.650 24.494 0.850 1.571 9.256
13.650 24.483 0.850 1.571 9.267
13.650 24.472 0.850 1.571 9.278
13.650 24.461 0.850 1.571 9.289
13.650 24.450 0.850 1.571 9.300
13.650 24.439 0.850 1.571 9.311
13.650 24.428 0.850 1.571 9.322
13.650 24.417 0.850 1.571 9.333
13.650 24.406 0.850 1.571 9.344
13.650 24.394 0.850 1.571 9.356
13.650 24.383 0.850 1.571 9.367
13.650 24.372 0.850 1.571 9.378
13.650 24.361 0.850 1.571 9.389
13.650 24.350 0.850 1.571 9.400
13.650 24.339 0.850 1.571 9.411
13.650 24.328 0.850 1.571 9.422
13.650 24.317 0.850 1.571 9.433
13.650 24.306 0.850 1.571 9.444
13.650 24.294 0.850 1.571 9.456
13.650 24.283 0.850 1.571 9.467
13.650 24.272 0.850 1.571 9.478
13.650 24.261 0.850 1.571 9.489
13.650 24.250 0.850 1.571 9.500
13.650 24.239 0.850 1.571 9.511
13.650 24.228 0.850 1.571 9.522
13.650 24.217 0.850 1.571 9.533
13.650 24.206 0.850 1.571 9.544
13.650 24.194 0.850 1.571 9.556
13.650 24.183 0.850 1.571 9.567
13.650 24.172 0.850 1.571 9.578
13.650 24.161 0.850 1.571 9.589
13.650 24.150 0.850 1.571 9.600
13.650 24.139 0.850 1.571 9.611
13.650 24.128 0.850 1.571 9.622
13.650 24.117 0.850 1.571 9.633
13.650 24.106 0.850 1.571 9.644
13.650 24.094 0.850 1.571 9.656
13.650 24.083 0.850 1.571 9.667
13.650 24.072 0.850 1.571 9.678
13.650 24.061 0.850 1.571 9.689
13.650 24.050 0.850 1.571 9.700
13.650 24.039 0.850 1.571 9.711
13.650 24.028 0.850 1.571 9.722
13.650 24.017 0.850 1.571 9.733
13.650 24.006 0.850 1.571 9.744
13.650 23.994 0.850 1.571 9.756
13.650 23.983 0.850 1.571 9.767
13.650 23.972 0.850 1.571 9.778
13.650 23.961 0.850 1.571 9.789
13.650 23.950 0.850 1.571 9.800
13.650 23.939 0.850 1.571 9.811
13.650 23.928 0.850 1.571 9.822
13.650 23.917 0.850 1.571 9.833
13.650 23.906 0.850 1.571 9.844
13.650 23.894 0.850 1.571 9.856
13.650 23.883 0.850 1.571 9.867
13.650 23.872 0.850 1.571 9.878
13.650 23.861 0.850 1.571 9.889
13.650 23.850 0.850 1.571 9.900
13.650 23.839 0.850 1.571 9.911
13.650 23.828 0.850 1.571 9.922
13.650 23.817 0.850 1.571 9.933
13.650 23.806 0.850 1.571 9.944
13.650 23.794 0.850 1.571 9.956
13.650 23.783 0.850 1.571 9.967
13.650 23.772 0.850 1.571 9.978
13.650 23.761 0.850 1.571 9.989
13.650 23.750 0.850 1.571 10.000
13.650 23.739 0.850 1.571 10.011
13.650 23.728 0.850 1.571 10.022
13.650 23.717 0.850 1.571 10.033
13.650 23.706 0.850 1.571 10.044
13.650 23.694 0.850 1.571 10.056
13.650 23.683 0.850 1.571 10.067
13.650 23.672 0.850 1.571 10.078
13.650 23.661 0.850 1.571 10.089
13.650 23.650 0.850 1.571 10.100
13.650 23.639 0.850 1.571 10.111
13.650 23.628 0.850 1.571 10.122
13.650 23.617 0.850 1.571 10.133
13.650 23.606 0.850 1.571 10.144
13.650 23.594 0.850 1.571 10.156
13.650 23.583 0.850 1.571 10.167
13.650 23.572 0.850 1.571 10.178
13.650 23.561 0.850 1.571 10.189
13.650 23.550 0.850 1.571 10.200
13.650 23.539 0.850 1.571 10.211
13.650 23.528 0.850 1.571 10.222
13.650 23.517 0.850 1.571 10.233
13.650 23.506 0.850 1.571 10.244
13.650 23.494 0.850 1.571 10.256
13.650 23.483 0.850 1.571 10.267
13.650 23.472 0.850 1.571 10.278
13.650 23.461 0.850 1.571 10.289
13.650 23.450 0.850 1.571 10.300
13.650 23.439 0.850 1.571 10.311
13.650 23.428 0.850 1.571 10.322
13.650 23.417 0.850 1.571 10.333
13.650 23.406 0.850 1.571 10.344
13.650 23.394 0.850 1.571 10.356
13.650 23.383 0.850 1.571 10.367
13.650 23.372 0.850 1.571 10.378
13.650 23.361 0.850 1.571 10.389
13.650 23.350 0.850 1.571 10.400
13.650 23.339 0.850 1.571 10.411
13.650 23.328 0.850 1.571 10.422
13.650 23.317 0.850 1.571 10.433
13.650 23.306 0.850 1.571 10.444
13.650 23.294 0.850 1.571 10.456
13.650 23.283 0.850 1.571 10.467
13.650 23.272 0.850 1.571 10.478
13.650 23.261 0.850 1.571 10.489
13.650 23.250 0.850 1.571 10.500
13.650 23.239 0.850 1.571 10.511
13.650 23.228 0.850 1.571 10.522
13.650 23.217 0.850 1.571 10.533
13.650 23.206 0.850 1.571 10.544
13.650 23.194 0.850 1.571 10.556
13.650 23.183 0.850 1.571 10.567
13.650 23.172 0.850 1.571 10.578
13.650 23.161 0.850 1.571 10.589
13.650 23.150 0.850 1.571 10.600
13.650 23.139 0.850 1.571 10.611
13.650 23.128 0.850 1.571 10.622
13.650 23.117 0.850 1.571 10.633
13.650 23.106 0.850 1.571 10.644
13.650 23.094 0.850 1.571 10.656
13.650 23.083 0.850 1.571 10.667
13.650 23.072 0.850 1.571 10.678
13.650 23.061 0.850 1.571 10.689
13.650 23.050 0.850 1.571 10.700
13.650 23.039 0.850 1.571 10.711
13.650 23.028 0.850 1.571 10.722
13.650 23.017 0.850 1.571 10.733
13.650 23.006 0.850 1.571 10.744
13.650 22.994 0.850 1.571 10.756
13.650 22.983 0.850 1.571 10.767
13.650 22.972 0.850 1.571 10.778
13.650 22.961 0.850 1.571 10.789
13.650 22.950 0.850 1.571 10.800
13.650 22.939 0.850 1.571 10.811
13.650 22.928 0.850 1.571 10.822
13.650 22.917 0.850 1.571 10.833
13.650 22.906 0.850 1.571 10.844
13.650 22.894 0.850 1.571 10.856
13.650 22.883 0.850 1.571 10.867
13.650 22.872 0.850 1.571 10.878
13.650 22.861 0.850 1.571 10.889
13.650 22.850 0.850 1.571 10.900
13.650 22.839 0.850 1.571 10.911
13.650 22.828 0.850 1.571 10.922
13.650 22.817 0.850 1.571 10.933
13.650 22.806 0.850 1.571 10.944
13.650 22.794 0.850 1.571 10.956
13.650 22.783 0.850 1.571 10.967
13.650 22.772 0.850 1.571 10.978
13.650 22.761 0.850 1.571 10.989
13.650 22.750 0.850 1.571 11.000
13.650 22.739 0.850 1.571 11.011
13.650 22.728 0.850 1.571 11.022
13.650 22.717 0.850 1.571 11.033
13.650 22.706 0.850 1.571 11.044
13.650 22.694 0.850 1.571 11.056
13.650 22.683 0.850 1.571 11.067
13.650 22.672 0.850 1.571 11.078
13.650 22.661 0.850 1.571 11.089
13.650 22.650 0.850 1.571 11.100
13.650 22.639 0.850 1.571 11.111
13.650 22.628 0.850 1.571 11.122
13.650 22.617 0.850 1.571 11.133
13.650 22.606 0.850 1.571 11.144
13.650 22.594 0.850 1.571 11.156
13.650 22.583 0.850 1.571 11.167
13.650 22.572 0.850 1.571 11.178
13.650 22.561 0.850 1.571 11.189
13.650 22.550 0.850 1.571 11.200
13.650 22.539 0.850 1.571 11.211
13.650 22.528 0.850 1.571 11.222
13.650 22.517 0.850 1.571 11.233
13.650 22.506 0.850 1.571 11.244
13.650 22.494 0.850 1.571 11.256
13.650 22.483 0.850 1.571 11.267
13.650 22.472 0.850 1.571 11.278
13.650 22.461 0.850 1.571 11.289
13.650 22.450 0.850 1.571 11.300
13.650 22.439 0.850 1.571 11.311
13.650 22.428 0.850 1.571 11.322
13.650 22.417 0.850 1.571 11.333
13.650 22.406 0.850 1.571 11.344
13.650 22.394 0.850 1.571 11.356
13.650 22.383 0.850 1.571 11.367
13.650 22.372 0.850 1.571 11.378
13.650 22.361 0.850 1.571 11.389
13.650 22.350 0.850 1.571 11.400
13.650 22.339 0.850 1.571 11.411
13.650 22.328 0.850 1.571 11.422
13.650 22.317 0.850 1.571 11.433
13.650 22.306 0.850 1.571 11.444
13.650 22.294 0.850 1.571 11.456
13.650 22.283 0.850 1.571 11.467
13.650 22.272 0.850 1.571 11.478
13.650 22.261 0.850 1.571 11.489
13.650 22.250 0.850 1.571 11.500
13.650 22.239 0.850 1.571 11.511
13.650 22.228 0.850 1.571 11.522
13.650 22.217 0.850 1.571 11.533
13.650 22.206 0.850 1.571 11.544
13.650 22.194 0.850 1.571 11.556
13.650 22.183 0.850 1.571 11.567
13.650 22.172 0.850 1.571 11.578
13.650 22.161 0.850 1.571 11.589
13.650 22.150 0.850 1.571 11.600
13.650 22.139 0.850 1.571 11.611
13.650 22.128 0.850 1.571 11.622
13.650 22.117 0.850 1.571 11.633
13.650 22.106 0.850 1.571 11.644
13.650 22.094 0.850 1.571 11.656
13.650 22.083 0.850 1.571 11.667
13.650 22.072 0.850 1.571 11.678
13.650 22.061 0.850 1.571 11.689
13.650 22.050 0.850 1.571 11.700
13.650 22.039 0.850 1.571 11.711
13.650 22.028 0.850 1.571 11.722
13.650 22.017 0.850 1.571 11.733
13.650 22.006 0.850 1.571 11.744
13.650 21.994 0.850 1.571 11.756
13.650 21.983 0.850 1.571 11.767
13.650 21.972 0.850 1.571 11.778
13.650 21.961 0.850 1.571 11.789
13.650 21.950 0.850 1.571 11.800
13.650 21.939 0.850 1.571 11.811
13.650 21.928 0.850 1.571 11.822
13.650 21.917 0.850 1.571 11.833
13.650 21.906 0.850 1.571 11.844
13.650 21.894 0.850 1.571 11.856
13.650 21.883 0.850 1.571 11.867
13.650 21.872 0.850 1.571 11.878
13.650 21.861 0.850 1.571 11.889
13.650 21.850 0.850 1.571 11.900
13.650 21.839 0.850 1.571 11.911
13.650 21.828 0.850 1.571 11.922
13.650 21.817 0.850 1.571 11.933
13.650 21.806 0.850 1.571 11.944
13.650 21.794 0.850 1.571 11.956
13.650 21.783 0.850 1.571 11.967
13.650 21.772 0.850 1.571 11.978
13.650 21.761 0.850 1.571 11.989
13.650 21.750 0.850 1.571 12.000
13.650 21.739 0.850 1.571 12.011
13.650 21.728 0.850 1.571 12.022
13.650 21.717 0.850 1.571 12.033
13.650 21.706 0.850 1.571 12.044
13.650 21.694 0.850 1.571 12.056
13.650 21.683 0.850 1.571 12.067
13.650 21.672 0.850 1.571 12.078
13.650 21.661 0.850 1.571 12.089
13.650 21.650 0.850 1.571 12.100
13.650 21.639 0.850 1.571 12.111
13.650 21.628 0.850 1.571 12.122
13.650 21.617 0.850 1.571 12.133
13.650 21.606 0.850 1.571 12.144
13.650 21.594 0.850 1.571 12.156
13.650 21.583 0.850 1.571 12.167
13.650 21.572 0.850 1.571 12.178
13.650 21.561 0.850 1.571 12.189
13.650 21.550 0.850 1.571 12.200
13.650 21.539 0.850 1.571 12.211
13.650 21.528 0.850 1.571 12.222
13.650 21.517 0.850 1.571 12.233
13.650 21.506 0.850 1.571 12.244
13.650 21.494 0.850 1.571 12.256
13.650 21.483 0.850 1.571 12.267
13.650 21.472 0.850 1.571 12.278
13.650 21.461 0.850 1.571 12.289
13.650 21.450 0.850 1.571 12.300
13.650 21.439 0.850 1.571 12.311
13.650 21.428 0.850 1.571 12.322
13.650 21.417 0.850 1.571 12.333
13.650 21.406 0.850 1.571 12.344
13.650 21.394 0.850 1.571 12.356
13.650 21.383 0.850 1.571 12.367
13.650 21.372 0.850 1.571 12.378
13.650 21.361 0.850 1.571 12.389
13.650 21.350 0.850 1.571 12.400
13.650 21.339 0.850 1.571 12.411
13.650 21.328 0.850 1.571 12.422
13.650 21.317 0.850 1.571 12.433
13.650 21.306 0.850 1.571 12.444
13.650 21.294 0.850 1.571 12.456
13.650 21.283 0.850 1.571 12.467
13.650 21.272 0.850 1.571 12.478
13.650 21.261 0.850 1.571 12.489
13.650 21.250 0.850 1.571 12.500
13.650 21.239 0.850 1.571 12.511
13.650 21.228 0.850 1.571 12.522
13.650 21.217 0.850 1.571 12.533
13.650 21.206 0.850 1.571 12.544
13.650 21.194 0.850 1.571 12.556
13.650 21.183 0.850 1.571 12.567
13.650 21.172 0.850 1.571 12.578
13.650 21.161 0.850 1.571 12.589
13.650 21.150 0.850 1.571 12.600
13.650 21.139 0.850 1.571 12.611
13.650 21.128 0.850 1.571 12.622
13.650 21.117 0.850 1.571 12.633
13.650 21.106 0.850 1.571 12.644
13.650 21.094 0.850 1.571 12.656
13.650 21.083 0.850 1.571 12.667
13.650 21.072 0.850 1.571 12.678
13.650 21.061 0.850 1.571 12.689
13.650 21.050 0.850 1.571 12.700
13.650 21.039 0.850 1.571 12.711
13.650 21.028 0.850 1.571 12.722
13.650 21.017 0.850 1.571 12.733
13.650 21.006 0.850 1.571 12.744
13.650 20.994 0.850 1.571 12.756
13.650 20.983 0.850 1.571 12.767
13.650 20.972 0.850 1.571 12.778
13.650 20.961 0.850 1.571 12.789
13.650 20.950 0.850 1.571 12.800
13.650 20.939 0.850 1.571 12.811
13.650 20.928 0.850 1.571 12.822
13.650 20.917 0.850 1.571 12.833
13.650 20.906 0.850 1.571 12.844
13.650 20.894 0.850 1.571 12.856
13.650 20.883 0.850 1.571 12.867
13.650 20.872 0.850 1.571 12.878
13.650 20.861 0.850 1.571 12.889
13.650 20.850 0.850 1.571 12.900
13.650 20.839 0.850 1.571 12.911
13.650 20.828 0.850 1.571 12.922
13.650 20.817 0.850 1.571 12.933
13.650 20.806 0.850 1.571 12.944
13.650 20.794 0.850 1.571 12.956
13.650 20.783 0.850 1.571 12.967
13.650 20.772 0.850 1.571 12.978
13.650 20.761 0.850 1.571 12.989
13.650 20.750 0.850 1.571 13.000
13.650 20.739 0.850 1.571 13.011
13.650 20.728 0.850 1.571 13.022
13.650 20.717 0.850 1.571 13.033
13.650 20.706 0.850 1.571 13.044
13.650 20.694 0.850 1.571 13.056
13.650 20.683 0.850 1.571 13.067
13.650 20.672 0.850 1.571 13.078
13.650 20.661 0.850 1.571 13.089
13.650 20.650 0.850 1.571 13.100
13.650 20.639 0.850 1.571 13.111
13.650 20.628 0.850 1.571 13.122
13.650 20.617 0.850 1.571 13.133
13.650 20.606 0.850 1.571 13.144
13.650 20.594 0.850 1.571 13.156
13.650 20.583 0.850 1.571 13.167
13.650 20.572 0.850 1.571 13.178
13.650 20.561 0.850 1.571 13.189
13.650 20.550 0.850 1.571 13.200
13.650 20.539 0.850 1.571 13.211
13.650 20.528 0.850 1.571 13.222
13.650 20.517 0.850 1.571 13.233
13.650 20.506 0.850 1.571 13.244
13.650 20.494 0.850 1.571 13.256
13.650 20.483 0.850 1.571 13.267
13.650 20.472 0.850 1.571 13.278
13.650 20.461 0.850 1.571 13.289
13.650 20.450 0.850 1.571 13.300
13.650 20.450 0.861 1.571 13.311
13.650 20.450 0.872 1.571 13.322
13.650 20.450 0.883 1.571 13.333
13.650 20.450 0.894 1.571 13.344
13.650 20.450 0.906 1.571 13.356
13.650 20.450 0.917 1.571 13.367
13.650 20.450 0.928 1.571 13.378
13.650 20.450 0.939 1.571 13.389
13.650 20.450 0.950 1.571 13.400
13.650 20.439 0.950 1.571 13.411
13.650 20.428 0.950 1.571 13.422
13.650 20.417 0.950 1.571 13.433
13.650 20.406 0.950 1.571 13.444
13.650 20.394 0.950 1.571 13.456
13.650 20.383 0.950 1.571 13.467
13.650 20.372 0.950 1.571 13.478
13.650 20.361 0.950 1.571 13.489
13.650 20.350 0.950 1.571 13.500
13.650 20.339 0.950 1.571 13.511
13.650 20.328 0.950 1.571 13.522
13.650 20.317 0.950 1.571 13.533
13.650 20.306 0.950 1.571 13.544
13.650 20.294 0.950 1.571 13.556
13.650 20.283 0.950 1.571 13.567
13.650 20.272 0.950 1.571 13.578
13.650 20.261 0.950 1.571 13.589
13.650 20.250 0.950 1.571 13.600
13.650 20.250 0.950 1.571 13.700
13.650 20.239 0.950 1.571 13.711
13.650 20.228 0.950 1.571 13.722
13.650 20.217 0.950 1.571 13.733
13.650 20.206 0.950 1.571 13.744
13.650 20.194 0.950 1.571 13.756
13.650 20.183 0.950 1.571 13.767
13.650 20.172 0.950 1.571 13.778
13.650 20.161 0.950 1.571 13.789
13.650 20.150 0.950 1.571 13.800
13.650 20.139 0.950 1.571 13.811
13.650 20.128 0.950 1.571 13.822
13.650 20.117 0.950 1.571 13.833
13.650 20.106 0.950 1.571 13.844
13.650 20.094 0.950 1.571 13.856
13.650 20.083 0.950 1.571 13.867
13.650 20.072 0.950 1.571 13.878
13.650 20.061 0.950 1.571 13.889
13.650 20.050 0.950 1.571 13.900
13.650 20.039 0.950 1.571 13.911
13.650 20.028 0.950 1.571 13.922
13.650 20.017 0.950 1.571 13.933
13.650 20.006 0.950 1.571 13.944
13.650 19.994 0.950 1.571 13.956
13.650 19.983 0.950 1.571 13.967
13.650 19.972 0.950 1.571 13.978
13.650 19.961 0.950 1.571 13.989
13.650 19.950 0.950 1.571 14.000
13.650 19.939 0.950 1.571 14.011
13.650 19.928 0.950 1.571 14.022
13.650 19.917 0.950 1.571 14.033
13.650 19.906 0.950 1.571 14.044
13.650 19.894 0.950 1.571 14.056
13.650 19.883 0.950 1.571 14.067
13.650 19.872 0.950 1.571 14.078
13.650 19.861 0.950 1.571 14.089
13.650 19.850 0.950 1.571 14.100
13.650 19.839 0.950 1.571 14.111
13.650 19.828 0.950 1.571 14.122
13.650 19.817 0.950 1.571 14.133
13.650 19.806 0.950 1.571 14.144
13.650 19.794 0.950 1.571 14.156
13.650 19.783 0.950 1.571 14.167
13.650 19.772 0.950 1.571 14.178
13.650 19.761 0.950 1.571 14.189
13.650 19.750 0.950 1.571 14.200
13.650 19.739 0.950 1.571 14.211
13.650 19.728 0.950 1.571 14.222
13.650 19.717 0.950 1.571 14.233
13.650 19.706 0.950 1.571 14.244
13.650 19.694 0.950 1.571 14.256
13.650 19.683 0.950 1.571 14.267
13.650 19.672 0.950 1.571 14.278
13.650 19.661 0.950 1.571 14.289
13.650 19.650 0.950 1.571 14.300
13.650 19.639 0.950 1.571 14.311
13.650 19.628 0.950 1.571 14.322
13.650 19.617 0.950 1.571 14.333
13.650 19.606 0.950 1.571 14.344
13.650 19.594 0.950 1.571 14.356
13.650 19.583 0.950 1.571 14.367
13.650 19.572 0.950 1.571 14.378
13.650 19.561 0.950 1.571 14.389
13.650 19.550 0.950 1.571 14.400
13.650 19.539 0.950 1.571 14.411
13.650 19.528 0.950 1.571 14.422
13.650 19.517 0.950 1.571 14.433
13.650 19.506 0.950 1.571 14.444
13.650 19.494 0.950 1.571 14.456
13.650 19.483 0.950 1.571 14.467
13.650 19.472 0.950 1.571 14.478
13.650 19.461 0.950 1.571 14.489
13.650 19.450 0.950 1.571 14.500
13.650 19.439 0.950 1.571 14.511
13.650 19.428 0.950 1.571 14.522
13.650 19.417 0.950 1.571 14.533
13.650 19.406 0.950 1.571 14.544
13.650 19.394 0.950 1.571 14.556
13.650 19.383 0.950 1.571 14.567
13.650 19.372 0.950 1.571 14.578
13.650 19.361 0.950 1.571 14.589
13.650 19.350 0.950 1.571 14.600
13.650 19.339 0.950 1.571 14.611
13.650 19.328 0.950 1.571 14.622
13.650 19.317 0.950 1.571 14.633
13.650 19.306 0.950 1.571 14.644
13.650 19.294 0.950 1.571 14.656
13.650 19.283 0.950 1.571 14.667
13.650 19.272 0.950 1.571 14.678
13.650 19.261 0.950 1.571 14.689
13.650 19.250 0.950 1.571 14.700
13.650 19.239 0.950 1.571 14.711
13.650 19.228 0.950 1.571 14.722
13.650 19.217 0.950 1.571 14.733
13.650 19.206 0.950 1.571 14.744
13.650 19.194 0.950 1.571 14.756
13.650 19.183 0.950 1.571 14.767
13.650 19.172 0.950 1.571 14.778
13.650 19.161 0.950 1.571 14.789
13.650 19.150 0.950 1.571 14.800
13.650 19.139 0.950 1.571 14.811
13.650 19.128 0.950 1.571 14.822
13.650 19.117 0.950 1.571 14.833
13.650 19.106 0.950 1.571 14.844
13.650 19.094 0.950 1.571 14.856
13.650 19.083 0.950 1.571 14.867
13.650 19.072 0.950 1.571 14.878
13.650 19.061 0.950 1.571 14.889
13.650 19.050 0.950 1.571 14.900
13.650 19.039 0.950 1.571 14.911
13.650 19.028 0.950 1.571 14.922
13.650 19.017 0.950 1.571 14.933
13.650 19.006 0.950 1.571 14.944
13.650 18.994 0.950 1.571 14.956
13.650 18.983 0.950 1.571 14.967
13.650 18.972 0.950 1.571 14.978
13.650 18.961 0.950 1.571 14.989
13.650 18.950 0.950 1.571 15.000
13.650 18.939 0.950 1.571 15.011
13.650 18.928 0.950 1.571 15.022
13.650 18.917 0.950 1.571 15.033
13.650 18.906 0.950 1.571 15.044
13.650 18.894 0.950 1.571 15.056
13.650 18.883 0.950 1.571 15.067
13.650 18.872 0.950 1.571 15.078
13.650 18.861 0.950 1.571 15.089
13.650 18.850 0.950 1.571 15.100
13.650 18.839 0.950 1.571 15.111
13.650 18.828 0.950 1.571 15.122
13.650 18.817 0.950 1.571 15.133
13.650 18.806 0.950 1.571 15.144
13.650 18.794 0.950 1.571 15.156
13.650 18.783 0.950 1.571 15.167
13.650 18.772 0.950 1.571 15.178
13.650 18.761 0.950 1.571 15.189
13.650 18.750 0.950 1.571 15.200
13.650 18.739 0.950 1.571 15.211
13.650 18.728 0.950 1.571 15.222
13.650 18.717 0.950 1.571 15.233
13.650 18.706 0.950 1.571 15.244
13.650 18.694 0.950 1.571 15.256
13.650 18.683 0.950 1.571 15.267
13.650 18.672 0.950 1.571 15.278
13.650 18.661 0.950 1.571 15.289
13.650 18.650 0.950 1.571 15.300
13.650 18.639 0.950 1.571 15.311
13.650 18.628 0.950 1.571 15.322
13.650 18.617 0.950 1.571 15.333
13.650 18.606 0.950 1.571 15.344
13.650 18.594 0.950 1.571 15.356
13.650 18.583 0.950 1.571 15.367
13.650 18.572 0.950 1.571 15.378
13.650 18.561 0.950 1.571 15.389
13.650 18.550 0.950 1.571 15.400
13.650 18.539 0.950 1.571 15.411
13.650 18.528 0.950 1.571 15.422
13.650 18.517 0.950 1.571 15.433
13.650 18.506 0.950 1.571 15.444
13.650 18.494 0.950 1.571 15.456
13.650 18.483 0.950 1.571 15.467
13.650 18.472 0.950 1.571 15.478
13.650 18.461 0.950 1.571 15.489
13.650 18.450 0.950 1.571 15.500
13.650 18.439 0.950 1.571 15.511
13.650 18.428 0.950 1.571 15.522
13.650 18.417 0.950 1.571 15.533
13.650 18.406 0.950 1.571 15.544
13.650 18.394 0.950 1.571 15.556
13.650 18.383 0.950 1.571 15.567
13.650 18.372 0.950 1.571 15.578
13.650 18.361 0.950 1.571 15.589
13.650 18.350 0.950 1.571 15.600
13.650 18.339 0.950 1.571 15.611
13.650 18.328 0.950 1.571 15.622
13.650 18.317 0.950 1.571 15.633
13.650 18.306 0.950 1.571 15.644
13.650 18.294 0.950 1.571 15.656
13.650 18.283 0.950 1.571 15.667
13.650 18.272 0.950 1.571 15.678
13.650 18.261 0.950 1.571 15.689
13.650 18.250 0.950 1.571 15.700
13.650 18.239 0.950 1.571 15.711
13.650 18.228 0.950 1.571 15.722
13.650 18.217 0.950 1.571 15.733
13.650 18.206 0.950 1.571 15.744
13.650 18.194 0.950 1.571 15.756
13.650 18.183 0.950 1.571 15.767
13.650 18.172 0.950 1.571 15.778
13.650 18.161 0.950 1.571 15.789
13.650 18.150 0.950 1.571 15.800
13.650 18.139 0.950 1.571 15.811
13.650 18.128 0.950 1.571 15.822
13.650 18.117 0.950 1.571 15.833
13.650 18.106 0.950 1.571 15.844
13.650 18.094 0.950 1.571 15.856
13.650 18.083 0.950 1.571 15.867
13.650 18.072 0.950 1.571 15.878
13.650 18.061 0.950 1.571 15.889
13.650 18.050 0.950 1.571 15.900
13.650 18.039 0.950 1.571 15.911
13.650 18.028 0.950 1.571 15.922
13.650 18.017 0.950 1.571 15.933
13.650 18.006 0.950 1.571 15.944
13.650 17.994 0.950 1.571 15.956
13.650 17.983 0.950 1.571 15.967
13.650 17.972 0.950 1.571 15.978
13.650 17.961 0.950 1.571 15.989
13.650 17.950 0.950 1.571 16.000
13.650 17.939 0.950 1.571 16.011
13.650 17.928 0.950 1.571 16.022
13.650 17.917 0.950 1.571 16.033
13.650 17.906 0.950 1.571 16.044
13.650 17.894 0.950 1.571 16.056
13.650 17.883 0.950 1.571 16.067
13.650 17.872 0.950 1.571 16.078
13.650 17.861 0.950 1.571 16.089
13.650 17.850 0.950 1.571 16.100
13.650 17.839 0.950 1.571 16.111
13.650 17.828 0.950 1.571 16.122
13.650 17.817 0.950 1.571 16.133
13.650 17.806 0.950 1.571 16.144
13.650 17.794 0.950 1.571 16.156
13.650 17.783 0.950 1.571 16.167
13.650 17.772 0.950 1.571 16.178
13.650 17.761 0.950 1.571 16.189
13.650 17.750 0.950 1.571 16.200
13.650 17.739 0.950 1.571 16.211
13.650 17.728 0.950 1.571 16.222
13.650 17.717 0.950 1.571 16.233
13.650 17.706 0.950 1.571 16.244
13.650 17.694 0.950 1.571 16.256
13.650 17.683 0.950 1.571 16.267
13.650 17.672 0.950 1.571 16.278
13.650 17.661 0.950 1.571 16.289
13.650 17.650 0.950 1.571 16.300
13.650 17.639 0.950 1.571 16.311
13.650 17.628 0.950 1.571 16.322
13.650 17.617 0.950 1.571 16.333
13.650 17.606 0.950 1.571 16.344
13.650 17.594 0.950 1.571 16.356
13.650 17.583 0.950 1.571 16.367
13.650 17.572 0.950 1.571 16.378
13.650 17.561 0.950 1.571 16.389
13.650 17.550 0.950 1.571 16.400
13.650 17.539 0.950 1.571 16.411
13.650 17.528 0.950 1.571 16.422
13.650 17.517 0.950 1.571 16.433
13.650 17.506 0.950 1.571 16.444
13.650 17.494 0.950 1.571 16.456
13.650 17.483 0.950 1.571 16.467
13.650 17.472 0.950 1.571 16.478
13.650 17.461 0.950 1.571 16.489
13.650 17.450 0.950 1.571 16.500
13.650 17.439 0.950 1.571 16.511
13.650 17.428 0.950 1.571 16.522
13.650 17.417 0.950 1.571 16.533
13.650 17.406 0.950 1.571 16.544
13.650 17.394 0.950 1.571 16.556
13.650 17.383 0.950 1.571 16.567
13.650 17.372 0.950 1.571 16.578
13.650 17.361 0.950 1.571 16.589
13.650 17.350 0.950 1.571 16.600
13.650 17.339 0.950 1.571 16.611
13.650 17.328 0.950 1.571 16.622
13.650 17.317 0.950 1.571 16.633
13.650 17.306 0.950 1.571 16.644
13.650 17.294 0.950 1.571 16.656
13.650 17.283 0.950 1.571 16.667
13.650 17.272 0.950 1.571 16.678
13.650 17.261 0.950 1.571 16.689
13.650 17.250 0.950 1.571 16.700
13.650 17.239 0.950 1.571 16.711
13.650 17.228 0.950 1.571 16.722
13.650 17.217 0.950 1.571 16.733
13.650 17.206 0.950 1.571 16.744
13.650 17.194 0.950 1.571 16.756
13.650 17.183 0.950 1.571 16.767
13.650 17.172 0.950 1.571 16.778
13.650 17.161 0.950 1.571 16.789
13.650 17.150 0.950 1.571 16.800
13.650 17.139 0.950 1.571 16.811
13.650 17.128 0.950 1.571 16.822
13.650 17.117 0.950 1.571 16.833
13.650 17.106 0.950 1.571 16.844
13.650 17.094 0.950 1.571 16.856
13.650 17.083 0.950 1.571 16.867
13.650 17.072 0.950 1.571 16.878
13.650 17.061 0.950 1.571 16.889
13.650 17.050 0.950 1.571 16.900
13.650 17.039 0.950 1.571 16.911
13.650 17.028 0.950 1.571 16.922
13.650 17.017 0.950 1.571 16.933
13.650 17.006 0.950 1.571 16.944
13.650 16.994 0.950 1.571 16.956
13.650 16.983 0.950 1.571 16.967
13.650 16.972 0.950 1.571 16.978
13.650 16.961 0.950 1.571 16.989
13.650 16.950 0.950 1.571 17.000
13.650 16.939 0.950 1.571 17.011
13.650 16.928 0.950 1.571 17.022
13.650 16.917 0.950 1.571 17.033
13.650 16.906 0.950 1.571 17.044
13.650 16.894 0.950 1.571 17.056
13.650 16.883 0.950 1.571 17.067
13.650 16.872 0.950 1.571 17.078
13.650 16.861 0.950 1.571 17.089
13.650 16.850 0.950 1.571 17.100
13.650 16.839 0.950 1.571 17.111
13.650 16.828 0.950 1.571 17.122
13.650 16.817 0.950 1.571 17.133
13.650 16.806 0.950 1.571 17.144
13.650 16.794 0.950 1.571 17.156
13.650 16.783 0.950 1.571 17.167
13.650 16.772 0.950 1.571 17.178
13.650 16.761 0.950 1.571 17.189
13.650 16.750 0.950 1.571 17.200
13.650 16.750 0.950 1.614 17.211
13.650 16.750 0.950 1.658 17.222
13.650 16.750 0.950 1.702 17.233
13.650 16.750 0.950 1.745 17.244
13.650 16.750 0.950 1.789 17.256
13.650 16.750 0.950 1.833 17.267
13.650 16.750 0.950 1.876 17.278
13.650 16.750 0.950 1.920 17.289
13.650 16.750 0.950 1.964 17.300
13.650 16.750 0.950 2.007 17.311
13.650 16.750 0.950 2.051 17.322
13.650 16.750 0.950 2.094 17.333
13.650 16.750 0.950 2.138 17.344
13.650 16.750 0.950 2.182 17.356
13.650 16.750 0.950 2.225 17.367
13.650 16.750 0.950 2.269 17.378
13.650 16.750 0.950 2.313 17.389
13.650 16.750 0.950 2.356 17.400
13.650 16.750 0.950 2.400 17.411
13.650 16.750 0.950 2.443 17.422
13.650 16.750 0.950 2.487 17.433
13.650 16.750 0.950 2.531 17.444
13.650 16.750 0.950 2.574 17.456
13.650 16.750 0.950 2.618 17.467
13.650 16.750 0.950 2.662 17.478
13.650 16.750 0.950 2.705 17.489
13.650 16.750 0.950 2.749 17.500
13.650 16.750 0.950 2.792 17.511
13.650 16.750 0.950 2.836 17.522
13.650 16.750 0.950 2.880 17.533
13.650 16.750 0.950 2.923 17.544
13.650 16.750 0.950 2.967 17.556
13.650 16.750 0.950 3.011 17.567
13.650 16.750 0.950 3.054 17.578
13.650 16.750 0.950 3.098 17.589
13.650 16.750 0.950 3.142 17.600
13.639 16.750 0.950 3.142 17.611
13.628 16.750 0.950 3.142 17.622
13.617 16.750 0.950 3.142 17.633
13.606 16.750 0.950 3.142 17.644
13.594 16.750 0.950 3.142 17.656
13.583 16.750 0.950 3.142 17.667
13.572 16.750 0.950 3.142 17.678
13.561 16.750 0.950 3.142 17.689
13.550 16.750 0.950 3.142 17.700
13.539 16.750 0.950 3.142 17.711
13.528 16.750 0.950 3.142 17.722
13.517 16.750 0.950 3.142 17.733
13.506 16.750 0.950 3.142 17.744
13.494 16.750 0.950 3.142 17.756
13.483 16.750 0.950 3.142 17.767
13.472 16.750 0.950 3.142 17.778
13.461 16.750 0.950 3.142 17.789
13.450 16.750 0.950 3.142 17.800
13.439 16.750 0.950 3.142 17.811
13.428 16.750 0.950 3.142 17.822
13.417 16.750 0.950 3.142 17.833
13.406 16.750 0.950 3.142 17.844
13.394 16.750 0.950 3.142 17.856
13.383 16.750 0.950 3.142 17.867
13.372 16.750 0.950 3.142 17.878
13.361 16.750 0.950 3.142 17.889
13.350 16.750 0.950 3.142 17.900
13.350 16.750 0.950 3.142 18.800
13.361 16.750 0.950 3.142 18.811
13.372 16.750 0.950 3.142 18.822
13.383 16.750 0.950 3.142 18.833
13.394 16.750 0.950 3.142 18.844
13.406 16.750 0.950 3.142 18.856
13.417 16.750 0.950 3.142 18.867
13.428 16.750 0.950 3.142 18.878
13.439 16.750 0.950 3.142 18.889
13.450 16.750 0.950 3.142 18.900
13.450 16.750 0.950 3.142 19.000
13.461 16.750 0.950 3.142 19.011
13.472 16.750 0.950 3.142 19.022
13.483 16.750 0.950 3.142 19.033
13.494 16.750 0.950 3.142 19.044
13.506 16.750 0.950 3.142 19.056
13.517 16.750 0.950 3.142 19.067
13.528 16.750 0.950 3.142 19.078
13.539 16.750 0.950 3.142 19.089
13.550 16.750 0.950 3.142 19.100
13.561 16.750 0.950 3.142 19.111
13.572 16.750 0.950 3.142 19.122
13.583 16.750 0.950 3.142 19.133
13.594 16.750 0.950 3.142 19.144
13.606 16.750 0.950 3.142 19.156
13.617 16.750 0.950 3.142 19.167
13.628 16.750 0.950 3.142 19.178
13.639 16.750 0.950 3.142 19.189
13.650 16.750 0.950 3.142 19.200
13.661 16.750 0.950 3.142 19.211
13.672 16.750 0.950 3.142 19.222
13.683 16.750 0.950 3.142 19.233
13.694 16.750 0.950 3.142 19.244
13.706 16.750 0.950 3.142 19.256
13.717 16.750 0.950 3.142 19.267
13.728 16.750 0.950 3.142 19.278
13.739 16.750 0.950 3.142 19.289
13.750 16.750 0.950 3.142 19.300
13.750 16.750 0.950 3.185 19.311
13.750 16.750 0.950 3.229 19.322
13.750 16.750 0.950 3.272 19.333
13.750 16.750 0.950 3.316 19.344
13.750 16.750 0.950 3.360 19.356
13.750 16.750 0.950 3.403 19.367
13.750 16.750 0.950 3.447 19.378
13.750 16.750 0.950 3.491 19.389
13.750 16.750 0.950 3.534 19.400
13.750 16.750 0.950 3.578 19.411
13.750 16.750 0.950 3.622 19.422
13.750 16.750 0.950 3.665 19.433
13.750 16.750 0.950 3.709 19.444
13.750 16.750 0.950 3.752 19.456
13.750 16.750 0.950 3.796 19.467
13.750 16.750 0.950 3.840 19.478
13.750 16.750 0.950 3.883 19.489
13.750 16.750 0.950 3.927 19.500
13.761 16.761 0.950 3.927 19.522
13.772 16.772 0.950 3.927 19.544
13.783 16.783 0.950 3.927 19.567
13.794 16.794 0.950 3.927 19.589
13.806 16.806 0.950 3.927 19.611
13.817 16.817 0.950 3.927 19.633
13.828 16.828 0.950 3.927 19.656
13.839 16.839 0.950 3.927 19.678
13.850 16.850 0.950 3.927 19.700
13.850 16.850 0.950 3.971 19.711
13.850 16.850 0.950 4.014 19.722
13.850 16.850 0.950 4.058 19.733
13.850 16.850 0.950 4.101 19.744
13.850 16.850 0.950 4.145 19.756
13.850 16.850 0.950 4.189 19.767
13.850 16.850 0.950 4.232 19.778
13.850 16.850 0.950 4.276 19.789
13.850 16.850 0.950 4.320 19.800
13.850 16.850 0.950 4.363 19.811
13.850 16.850 0.950 4.407 19.822
13.850 16.850 0.950 4.451 19.833
13.850 16.850 0.950 4.494 19.844
13.850 16.850 0.950 4.538 19.856
13.850 16.850 0.950 4.582 19.867
13.850 16.850 0.950 4.625 19.878
13.850 16.850 0.950 4.669 19.889
13.850 16.850 0.950 4.712 19.900
13.850 16.850 0.950 4.712 20.100
13.850 16.761 0.950 4.712 20.189
13.850 16.672 0.950 4.712 20.278
13.850 16.583 0.950 4.712 20.367
13.850 16.494 0.950 4.712 20.456
13.850 16.406 0.950 4.712 20.544
13.850 16.317 0.950 4.712 20.633
13.850 16.228 0.950 4.712 20.722
13.850 16.139 0.950 4.712 20.811
13.850 16.050 0.950 4.712 20.900
13.850 15.961 0.950 4.712 20.989
13.850 15.872 0.950 4.712 21.078
13.850 15.783 0.950 4.712 21.167
13.850 15.694 0.950 4.712 21.256
13.850 15.606 0.950 4.712 21.344
13.850 15.517 0.950 4.712 21.433
13.850 15.428 0.950 4.712 21.522
13.850 15.339 0.950 4.712 21.611
13.850 15.250 0.950 4.712 21.700
13.850 15.161 0.950 4.712 21.789
13.850 15.072 0.950 4.712 21.878
13.850 14.983 0.950 4.712 21.967
13.850 14.894 0.950 4.712 22.056
13.850 14.806 0.950 4.712 22.144
13.850 14.717 0.950 4.712 22.233
13.850 14.628 0.950 4.712 22.322
13.850 14.539 0.950 4.712 22.411
13.850 14.450 0.950 4.712 22.500
13.850 14.361 0.950 4.712 22.589
13.850 14.272 0.950 4.712 22.678
13.850 14.183 0.950 4.712 22.767
13.850 14.094 0.950 4.712 22.856
13.850 14.006 0.950 4.712 22.944
13.850 13.917 0.950 4.712 23.033
13.850 13.828 0.950 4.712 23.122
13.850 13.739 0.950 4.712 23.211
13.850 13.650 0.950 4.712 23.300
13.850 13.561 0.950 4.712 23.389
13.850 13.472 0.950 4.712 23.478
13.850 13.383 0.950 4.712 23.567
13.850 13.294 0.950 4.712 23.656
13.850 13.206 0.950 4.712 23.744
13.850 13.117 0.950 4.712 23.833
13.850 13.028 0.950 4.712 23.922
13.850 12.939 0.950 4.712 24.011
13.850 12.850 0.950 4.712 24.100
13.850 12.761 0.950 4.712 24.189
13.850 12.672 0.950 4.712 24.278
13.850 12.583 0.950 4.712 24.367
13.850 12.494 0.950 4.712 24.456
13.850 12.406 0.950 4.712 24.544
13.850 12.317 0.950 4.712 24.633
13.850 12.228 0.950 4.712 24.722
13.850 12.139 0.950 4.712 24.811
13.850 12.050 0.950 4.712 24.900
13.850 11.961 0.950 4.712 24.989
13.850 11.872 0.950 4.712 25.078
13.850 11.783 0.950 4.712 25.167
13.850 11.694 0.950 4.712 25.256
13.850 11.606 0.950 4.712 25.344
13.850 11.517 0.950 4.712 25.433
13.850 11.428 0.950 4.712 25.522
13.850 11.339 0.950 4.712 25.611
13.850 11.250 0.950 4.712 25.700
13.850 11.161 0.950 4.712 25.789
13.850 11.072 0.950 4.712 25.878
13.850 10.983 0.950 4.712 25.967
13.850 10.894 0.950 4.712 26.056
13.850 10.806 0.950 4.712 26.144
13.850 10.717 0.950 4.712 26.233
13.850 10.628 0.950 4.712 26.322
13.850 10.539 0.950 4.712 26.411
13.850 10.450 0.950 4.712 26.500
13.850 10.361 0.950 4.712 26.589
13.850 10.272 0.950 4.712 26.678
13.850 10.183 0.950 4.712 26.767
13.850 10.094 0.950 4.712 26.856
13.850 10.006 0.950 4.712 26.944
13.850 9.917 0.950 4.712 27.033
13.850 9.828 0.950 4.712 27.122
13.850 9.739 0.950 4.712 27.211
13.850 9.650 0.950 4.712 27.300
13.850 9.561 0.950 4.712 27.389
13.850 9.472 0.950 4.712 27.478
13.850 9.383 0.950 4.712 27.567
13.850 9.294 0.950 4.712 27.656
13.850 9.206 0.950 4.712 27.744
13.850 9.117 0.950 4.712 27.833
13.850 9.028 0.950 4.712 27.922
13.850 8.939 0.950 4.712 28.011
13.850 8.850 0.950 4.712 28.100
13.850 8.760 0.950 4.712 28.200
13.850 8.669 0.950 4.712 28.300
13.850 8.579 0.950 4.712 28.400
13.852 8.489 0.950 4.761 28.500
13.859 8.399 0.950 4.830 28.600
13.873 8.309 0.950 4.899 28.700
13.893 8.221 0.950 4.968 28.800
13.918 8.135 0.950 5.036 28.900
13.950 8.050 0.950 5.105 29.000
13.987 7.990 0.950 5.135 29.078
14.026 7.932 0.950 5.166 29.156
14.067 7.874 0.950 5.196 29.233
14.109 7.817 0.950 5.226 29.311
14.154 7.761 0.950 5.257 29.389
14.200 7.707 0.950 5.287 29.467
14.248 7.653 0.950 5.317 29.544
14.298 7.601 0.950 5.348 29.622
14.350 7.550 0.950 5.498 29.700
14.418 7.482 0.950 5.498 29.800
14.487 7.414 0.950 5.527 29.900
14.559 7.350 0.950 5.579 30.000
14.634 7.290 0.950 5.631 30.100
14.712 7.233 0.950 5.683 30.200
14.793 7.181 0.950 5.735 30.300
14.876 7.133 0.950 5.787 30.400
14.962 7.089 0.950 5.839 30.500
15.050 7.050 0.950 5.891 30.600
15.125 7.019 0.950 5.891 30.689
15.201 6.988 0.950 5.891 30.778
15.276 6.956 0.950 5.891 30.867
15.352 6.925 0.950 5.910 30.956
15.429 6.898 0.950 5.984 31.044
15.507 6.877 0.950 6.059 31.133
15.588 6.862 0.950 6.134 31.222
15.669 6.853 0.950 6.208 31.311
15.750 6.850 0.950 0.000 31.400
15.761 6.850 0.950 0.000 31.411
15.772 6.850 0.950 0.000 31.422
15.783 6.850 0.950 0.000 31.433
15.794 6.850 0.950 0.000 31.444
15.806 6.850 0.950 0.000 31.456
15.817 6.850 0.950 0.000 31.467
15.828 6.850 0.950 0.000 31.478
15.839 6.850 0.950 0.000 31.489
15.850 6.850 0.950 0.000 31.500
15.861 6.850 0.950 0.000 31.511
15.872 6.850 0.950 0.000 31.522
15.883 6.850 0.950 0.000 31.533
15.894 6.850 0.950 0.000 31.544
15.906 6.850 0.950 0.000 31.556
15.917 6.850 0.950 0.000 31.567
15.928 6.850 0.950 0.000 31.578
15.939 6.850 0.950 0.000 31.589
15.950 6.850 0.950 0.000 31.600
15.961 6.850 0.950 0.000 31.611
15.972 6.850 0.950 0.000 31.622
15.983 6.850 0.950 0.000 31.633
15.994 6.850 0.950 0.000 31.644
16.006 6.850 0.950 0.000 31.656
16.017 6.850 0.950 0.000 31.667
16.028 6.850 0.950 0.000 31.678
16.039 6.850 0.950 0.000 31.689
16.050 6.850 0.950 0.000 31.700
16.061 6.850 0.950 0.000 31.711
16.072 6.850 0.950 0.000 31.722
16.083 6.850 0.950 0.000 31.733
16.094 6.850 0.950 0.000 31.744
16.106 6.850 0.950 0.000 31.756
16.117 6.850 0.950 0.000 31.767
16.128 6.850 0.950 0.000 31.778
16.139 6.850 0.950 0.000 31.789
16.150 6.850 0.950 0.000 31.800
16.161 6.850 0.950 0.000 31.811
16.172 6.850 0.950 0.000 31.822
16.183 6.850 0.950 0.000 31.833
16.194 6.850 0.950 0.000 31.844
16.206 6.850 0.950 0.000 31.856
16.217 6.850 0.950 0.000 31.867
16.228 6.850 0.950 0.000 31.878
16.239 6.850 0.950 0.000 31.889
16.250 6.850 0.950 0.000 31.900
16.261 6.850 0.950 0.000 31.911
16.272 6.850 0.950 0.000 31.922
16.283 6.850 0.950 0.000 31.933
16.294 6.850 0.950 0.000 31.944
16.306 6.850 0.950 0.000 31.956
16.317 6.850 0.950 0.000 31.967
16.328 6.850 0.950 0.000 31.978
16.339 6.850 0.950 0.000 31.989
16.350 6.850 0.950 0.000 32.000
16.361 6.850 0.950 0.000 32.011
16.372 6.850 0.950 0.000 32.022
16.383 6.850 0.950 0.000 32.033
16.394 6.850 0.950 0.000 32.044
16.406 6.850 0.950 0.000 32.056
16.417 6.850 0.950 0.000 32.067
16.428 6.850 0.950 0.000 32.078
16.439 6.850 0.950 0.000 32.089
16.450 6.850 0.950 0.000 32.100
16.450 6.850 0.950 0.044 32.111
16.450 6.850 0.950 0.087 32.122
16.450 6.850 0.950 0.131 32.133
16.450 6.850 0.950 0.174 32.144
16.450 6.850 0.950 0.218 32.156
16.450 6.850 0.950 0.262 32.167
16.450 6.850 0.950 0.305 32.178
16.450 6.850 0.950 0.349 32.189
16.450 6.850 0.950 0.393 32.200
16.450 6.850 0.950 0.436 32.211
16.450 6.850 0.950 0.480 32.222
16.450 6.850 0.950 0.524 32.233
16.450 6.850 0.950 0.567 32.244
16.450 6.850 0.950 0.611 32.256
16.450 6.850 0.950 0.654 32.267
16.450 6.850 0.950 0.698 32.278
16.450 6.850 0.950 0.742 32.289
16.450 6.850 0.950 0.785 32.300
16.450 6.850 0.950 0.829 32.311
16.450 6.850 0.950 0.873 32.322
16.450 6.850 0.950 0.916 32.333
16.450 6.850 0.950 0.960 32.344
16.450 6.850 0.950 1.004 32.356
16.450 6.850 0.950 1.047 32.367
16.450 6.850 0.950 1.091 32.378
16.450 6.850 0.950 1.135 32.389
16.450 6.850 0.950 1.178 32.400
16.450 6.850 0.950 1.222 32.411
16.450 6.850 0.950 1.265 32.422
16.450 6.850 0.950 1.309 32.433
16.450 6.850 0.950 1.353 32.444
16.450 6.850 0.950 1.396 32.456
16.450 6.850 0.950 1.440 32.467
16.450 6.850 0.950 1.484 32.478
16.450 6.850 0.950 1.527 32.489
16.450 6.850 0.950 1.571 32.500
16.450 6.839 0.950 1.571 32.511
16.450 6.828 0.950 1.571 32.522
16.450 6.817 0.950 1.571 32.533
16.450 6.806 0.950 1.571 32.544
16.450 6.794 0.950 1.571 32.556
16.450 6.783 0.950 1.571 32.567
16.450 6.772 0.950 1.571 32.578
16.450 6.761 0.950 1.571 32.589
16.450 6.750 0.950 1.571 32.600
16.450 6.739 0.950 1.571 32.611
16.450 6.728 0.950 1.571 32.622
16.450 6.717 0.950 1.571 32.633
16.450 6.706 0.950 1.571 32.644
16.450 6.694 0.950 1.571 32.656
16.450 6.683 0.950 1.571 32.667
16.450 6.672 0.950 1.571 32.678
16.450 6.661 0.950 1.571 32.689
16.450 6.650 0.950 1.571 32.700
16.450 6.639 0.950 1.571 32.711
16.450 6.628 0.950 1.571 32.722
16.450 6.617 0.950 1.571 32.733
16.450 6.606 0.950 1.571 32.744
16.450 6.594 0.950 1.571 32.756
16.450 6.583 0.950 1.571 32.767
16.450 6.572 0.950 1.571 32.778
16.450 6.561 0.950 1.571 32.789
16.450 6.550 0.950 1.571 32.800
16.450 6.539 0.950 1.571 32.811
16.450 6.528 0.950 1.571 32.822
16.450 6.517 0.950 1.571 32.833
16.450 6.506 0.950 1.571 32.844
16.450 6.494 0.950 1.571 32.856
16.450 6.483 0.950 1.571 32.867
16.450 6.472 0.950 1.571 32.878
16.450 6.461 0.950 1.571 32.889
16.450 6.450 0.950 1.571 32.900
16.450 6.439 0.950 1.571 32.911
16.450 6.428 0.950 1.571 32.922
16.450 6.417 0.950 1.571 32.933
16.450 6.406 0.950 1.571 32.944
16.450 6.394 0.950 1.571 32.956
16.450 6.383 0.950 1.571 32.967
16.450 6.372 0.950 1.571 32.978
16.450 6.361 0.950 1.571 32.989
16.450 6.350 0.950 1.571 33.000
16.450 6.339 0.950 1.571 33.011
16.450 6.328 0.950 1.571 33.022
16.450 6.317 0.950 1.571 33.033
16.450 6.306 0.950 1.571 33.044
16.450 6.294 0.950 1.571 33.056
16.450 6.283 0.950 1.571 33.067
16.450 6.272 0.950 1.571 33.078
16.450 6.261 0.950 1.571 33.089
16.450 6.250 0.950 1.571 33.100
16.450 6.239 0.950 1.571 33.111
16.450 6.228 0.950 1.571 33.122
16.450 6.217 0.950 1.571 33.133
16.450 6.206 0.950 1.571 33.144
16.450 6.194 0.950 1.571 33.156
16.450 6.183 0.950 1.571 33.167
16.450 6.172 0.950 1.571 33.178
16.450 6.161 0.950 1.571 33.189
16.450 6.150 0.950 1.571 33.200
16.450 6.139 0.950 1.571 33.211
16.450 6.128 0.950 1.571 33.222
16.450 6.117 0.950 1.571 33.233
16.450 6.106 0.950 1.571 33.244
16.450 6.094 0.950 1.571 33.256
16.450 6.083 0.950 1.571 33.267
16.450 6.072 0.950 1.571 33.278
16.450 6.061 0.950 1.571 33.289
16.450 6.050 0.950 1.571 33.300
16.450 6.039 0.950 1.571 33.311
16.450 6.028 0.950 1.571 33.322
16.450 6.017 0.950 1.571 33.333
16.450 6.006 0.950 1.571 33.344
16.450 5.994 0.950 1.571 33.356
16.450 5.983 0.950 1.571 33.367
16.450 5.972 0.950 1.571 33.378
16.450 5.961 0.950 1.571 33.389
16.450 5.950 0.950 1.571 33.400
16.450 5.939 0.950 1.571 33.411
16.450 5.928 0.950 1.571 33.422
16.450 5.917 0.950 1.571 33.433
16.450 5.906 0.950 1.571 33.444
16.450 5.894 0.950 1.571 33.456
16.450 5.883 0.950 1.571 33.467
16.450 5.872 0.950 1.571 33.478
16.450 5.861 0.950 1.571 33.489
16.450 5.850 0.950 1.571 33.500
16.450 5.839 0.950 1.571 33.511
16.450 5.828 0.950 1.571 33.522
16.450 5.817 0.950 1.571 33.533
16.450 5.806 0.950 1.571 33.544
16.450 5.794 0.950 1.571 33.556
16.450 5.783 0.950 1.571 33.567
16.450 5.772 0.950 1.571 33.578
16.450 5.761 0.950 1.571 33.589
16.450 5.750 0.950 1.571 33.600
16.450 5.739 0.950 1.571 33.611
16.450 5.728 0.950 1.571 33.622
16.450 5.717 0.950 1.571 33.633
16.450 5.706 0.950 1.571 33.644
16.450 5.694 0.950 1.571 33.656
16.450 5.683 0.950 1.571 33.667
16.450 5.672 0.950 1.571 33.678
16.450 5.661 0.950 1.571 33.689
16.450 5.650 0.950 1.571 33.700
16.450 5.639 0.950 1.571 33.711
16.450 5.628 0.950 1.571 33.722
16.450 5.617 0.950 1.571 33.733
16.450 5.606 0.950 1.571 33.744
16.450 5.594 0.950 1.571 33.756
16.450 5.583 0.950 1.571 33.767
16.450 5.572 0.950 1.571 33.778
16.450 5.561 0.950 1.571 33.789
16.450 5.550 0.950 1.571 33.800
16.450 5.539 0.950 1.571 33.811
16.450 5.528 0.950 1.571 33.822
16.450 5.517 0.950 1.571 33.833
16.450 5.506 0.950 1.571 33.844
16.450 5.494 0.950 1.571 33.856
16.450 5.483 0.950 1.571 33.867
16.450 5.472 0.950 1.571 33.878
16.450 5.461 0.950 1.571 33.889
16.450 5.450 0.950 1.571 33.900
16.450 5.439 0.950 1.571 33.911
16.450 5.428 0.950 1.571 33.922
16.450 5.417 0.950 1.571 33.933
16.450 5.406 0.950 1.571 33.944
16.450 5.394 0.950 1.571 33.956
16.450 5.383 0.950 1.571 33.967
16.450 5.372 0.950 1.571 33.978
16.450 5.361 0.950 1.571 33.989
16.450 5.350 0.950 1.571 34.000
16.450 5.339 0.950 1.571 34.011
16.450 5.328 0.950 1.571 34.022
16.450 5.317 0.950 1.571 34.033
16.450 5.306 0.950 1.571 34.044
16.450 5.294 0.950 1.571 34.056
16.450 5.283 0.950 1.571 34.067
16.450 5.272 0.950 1.571 34.078
16.450 5.261 0.950 1.571 34.089
16.450 5.250 0.950 1.571 34.100
16.450 5.239 0.950 1.571 34.111
16.450 5.228 0.950 1.571 34.122
16.450 5.217 0.950 1.571 34.133
16.450 5.206 0.950 1.571 34.144
16.450 5.194 0.950 1.571 34.156
16.450 5.183 0.950 1.571 34.167
16.450 5.172 0.950 1.571 34.178
16.450 5.161 0.950 1.571 34.189
16.450 5.150 0.950 1.571 34.200
16.450 5.139 0.950 1.571 34.211
16.450 5.128 0.950 1.571 34.222
16.450 5.117 0.950 1.571 34.233
16.450 5.106 0.950 1.571 34.244
16.450 5.094 0.950 1.571 34.256
16.450 5.083 0.950 1.571 34.267
16.450 5.072 0.950 1.571 34.278
16.450 5.061 0.950 1.571 34.289
16.450 5.050 0.950 1.571 34.300
16.450 5.039 0.950 1.571 34.311
16.450 5.028 0.950 1.571 34.322
16.450 5.017 0.950 1.571 34.333
16.450 5.006 0.950 1.571 34.344
16.450 4.994 0.950 1.571 34.356
16.450 4.983 0.950 1.571 34.367
16.450 4.972 0.950 1.571 34.378
16.450 4.961 0.950 1.571 34.389
16.450 4.950 0.950 1.571 34.400
16.450 4.939 0.950 1.571 34.411
16.450 4.928 0.950 1.571 34.422
16.450 4.917 0.950 1.571 34.433
16.450 4.906 0.950 1.571 34.444
16.450 4.894 0.950 1.571 34.456
16.450 4.883 0.950 1.571 34.467
16.450 4.872 0.950 1.571 34.478
16.450 4.861 0.950 1.571 34.489
16.450 4.850 0.950 1.571 34.500
16.450 4.850 0.950 1.614 34.511
16.450 4.850 0.950 1.658 34.522
16.450 4.850 0.950 1.702 34.533
16.450 4.850 0.950 1.745 34.544
16.450 4.850 0.950 1.789 34.556
16.450 4.850 0.950 1.833 34.567
16.450 4.850 0.950 1.876 34.578
16.450 4.850 0.950 1.920 34.589
16.450 4.850 0.950 1.964 34.600
16.450 4.850 0.950 2.007 34.611
16.450 4.850 0.950 2.051 34.622
16.450 4.850 0.950 2.094 34.633
16.450 4.850 0.950 2.138 34.644
16.450 4.850 0.950 2.182 34.656
16.450 4.850 0.950 2.225 34.667
16.450 4.850 0.950 2.269 34.678
16.450 4.850 0.950 2.313 34.689
16.450 4.850 0.950 2.356 34.700
16.450 4.850 0.939 2.356 34.711
16.450 4.850 0.928 2.356 34.722
16.450 4.850 0.917 2.356 34.733
16.450 4.850 0.906 2.356 34.744
16.450 4.850 0.894 2.356 34.756
16.450 4.850 0.883 2.356 34.767
16.450 4.850 0.872 2.356 34.778
16.450 4.850 0.861 2.356 34.789
16.450 4.850 0.850 2.356 34.800
16.450 4.850 0.839 2.356 34.811
16.450 4.850 0.828 2.356 34.822
16.450 4.850 0.817 2.356 34.833
16.450 4.850 0.806 2.356 34.844
16.450 4.850 0.794 2.356 34.856
16.450 4.850 0.783 2.356 34.867
16.450 4.850 0.772 2.356 34.878
16.450 4.850 0.761 2.356 34.889
16.450 4.850 0.750 2.356 34.900
16.450 4.850 0.750 2.400 34.911
16.450 4.850 0.750 2.443 34.922
16.450 4.850 0.750 2.487 34.933
16.450 4.850 0.750 2.531 34.944
16.450 4.850 0.750 2.574 34.956
16.450 4.850 0.750 2.618 34.967
16.450 4.850 0.750 2.662 34.978
16.450 4.850 0.750 2.705 34.989
