30.350 47.750 0.950 2.356 0.200
30.350 47.750 0.950 2.400 0.211
30.350 47.750 0.950 2.443 0.222
30.350 47.750 0.950 2.487 0.233
30.350 47.750 0.950 2.531 0.244
30.350 47.750 0.950 2.574 0.256
30.350 47.750 0.950 2.618 0.267
30.350 47.750 0.950 2.662 0.278
30.350 47.750 0.950 2.705 0.289
30.350 47.750 0.950 2.749 0.100
30.350 47.750 0.950 2.792 0.111
30.350 47.750 0.950 2.836 0.122
30.350 47.750 0.950 2.880 0.133
30.350 47.750 0.950 2.923 0.144
30.350 47.750 0.950 2.967 0.156
30.350 47.750 0.950 3.011 0.167
30.350 47.750 0.950 3.054 0.178
30.350 47.750 0.950 3.098 0.189
30.350 47.750 0.950 3.142 0.200
30.350 47.750 0.950 3.185 0.211
30.350 47.750 0.950 3.229 0.222
30.350 47.750 0.950 3.272 0.233
30.350 47.750 0.950 3.316 0.244
30.350 47.750 0.950 3.360 0.256
30.350 47.750 0.950 3.403 0.267
30.350 47.750 0.950 3.447 0.278
30.350 47.750 0.950 3.491 0.289
30.350 47.750 0.950 3.534 0.300
30.290 47.713 0.950 3.565 0.378
30.232 47.674 0.950 3.595 0.456
30.174 47.633 0.950 3.625 0.533
30.117 47.591 0.950 3.655 0.611
30.061 47.546 0.950 3.686 0.689
30.007 47.500 0.950 3.716 0.767
29.953 47.452 0.950 3.746 0.844
29.901 47.402 0.950 3.777 0.922
29.850 47.350 0.950 3.927 1.000
29.782 47.282 0.950 3.927 1.100
29.714 47.213 0.950 3.957 1.200
29.650 47.141 0.950 4.008 1.300
29.590 47.066 0.950 4.060 1.400
29.533 46.988 0.950 4.112 1.500
29.481 46.907 0.950 4.164 1.600
29.433 46.824 0.950 4.216 1.700
29.389 46.738 0.950 4.268 1.800
29.350 46.650 0.950 4.320 1.900
29.317 46.583 0.950 4.320 1.978
29.283 46.517 0.950 4.320 2.056
29.250 46.450 0.950 4.320 2.133
29.217 46.383 0.950 4.320 2.211
29.183 46.317 0.950 4.320 2.289
29.150 46.250 0.950 4.320 2.367
29.117 46.183 0.950 4.320 2.444
29.083 46.117 0.950 4.320 2.522
29.050 46.050 0.950 4.320 2.600
29.017 45.983 0.950 4.320 2.678
28.983 45.917 0.950 4.320 2.756
28.950 45.850 0.950 4.320 2.833
28.917 45.783 0.950 4.320 2.911
28.883 45.717 0.950 4.320 2.989
28.850 45.650 0.950 4.320 3.067
28.817 45.583 0.950 4.320 3.144
28.783 45.517 0.950 4.320 3.222
28.750 45.450 0.950 4.320 3.300
28.717 45.383 0.950 4.320 3.378
28.683 45.317 0.950 4.320 3.456
28.650 45.250 0.950 4.320 3.533
28.617 45.183 0.950 4.320 3.611
28.583 45.117 0.950 4.320 3.689
28.550 45.050 0.950 4.320 3.767
28.517 44.983 0.950 4.320 3.844
28.483 44.917 0.950 4.320 3.922
28.450 44.850 0.950 4.320 4.000
28.417 44.783 0.950 4.320 4.078
28.383 44.717 0.950 4.320 4.156
28.350 44.650 0.950 4.320 4.233
28.317 44.583 0.950 4.320 4.311
28.283 44.517 0.950 4.320 4.389
28.250 44.450 0.950 4.320 4.467
28.217 44.383 0.950 4.320 4.544
28.183 44.317 0.950 4.320 4.622
28.150 44.250 0.950 4.320 4.700
28.117 44.183 0.950 4.320 4.778
28.083 44.117 0.950 4.320 4.856
28.050 44.050 0.950 4.320 4.933
28.017 43.983 0.950 4.320 5.011
27.983 43.917 0.950 4.320 5.089
27.950 43.850 0.950 4.320 5.167
27.917 43.783 0.950 4.320 5.244
27.883 43.717 0.950 4.320 5.322
27.850 43.650 0.950 4.320 5.400
27.817 43.583 0.950 4.320 5.478
27.783 43.517 0.950 4.320 5.556
27.750 43.450 0.950 4.320 5.633
27.717 43.383 0.950 4.320 5.711
27.683 43.317 0.950 4.320 5.789
27.650 43.250 0.950 4.320 5.867
27.617 43.183 0.950 4.320 5.944
27.583 43.117 0.950 4.320 6.022
27.550 43.050 0.950 4.320 6.100
27.517 42.983 0.950 4.320 6.178
27.483 42.917 0.950 4.320 6.256
27.450 42.850 0.950 4.320 6.333
27.417 42.783 0.950 4.320 6.411
27.383 42.717 0.950 4.320 6.489
27.350 42.650 0.950 4.320 6.567
27.317 42.583 0.950 4.320 6.644
27.283 42.517 0.950 4.320 6.722
27.250 42.450 0.950 4.320 6.800
27.213 42.390 0.950 4.289 6.878
27.174 42.332 0.950 4.259 6.956
27.134 42.274 0.950 4.229 7.033
27.091 42.217 0.950 4.199 7.111
27.046 42.161 0.950 4.168 7.189
27.000 42.107 0.950 4.138 7.267
26.952 42.053 0.950 4.108 7.344
26.902 42.001 0.950 4.077 7.422
26.850 41.950 0.950 3.927 7.500
26.783 41.883 0.950 3.927 7.600
26.717 41.817 0.950 3.927 7.700
26.650 41.750 0.950 3.927 7.800
26.583 41.683 0.950 3.927 7.900
26.517 41.617 0.950 3.927 8.000
26.450 41.550 0.950 3.927 8.100
26.383 41.483 0.950 3.927 8.200
26.317 41.417 0.950 3.927 8.300
26.250 41.350 0.950 3.927 8.400
26.183 41.283 0.950 3.927 8.500
26.117 41.217 0.950 3.927 8.600
26.050 41.150 0.950 3.927 8.700
25.983 41.083 0.950 3.927 8.800
25.917 41.017 0.950 3.927 8.900
25.850 40.950 0.950 3.927 9.000
25.783 40.883 0.950 3.927 9.100
25.717 40.817 0.950 3.927 9.200
25.650 40.750 0.950 3.927 9.300
25.583 40.683 0.950 3.927 9.400
25.517 40.617 0.950 3.927 9.500
25.450 40.550 0.950 3.927 9.600
25.383 40.483 0.950 3.927 9.700
25.317 40.417 0.950 3.927 9.800
25.250 40.350 0.950 3.927 9.900
25.183 40.283 0.950 3.927 10.000
25.117 40.217 0.950 3.927 10.100
25.050 40.150 0.950 3.927 10.200
24.983 40.083 0.950 3.927 10.300
24.917 40.017 0.950 3.927 10.400
24.850 39.950 0.950 3.927 10.500
24.783 39.883 0.950 3.927 10.600
24.717 39.817 0.950 3.927 10.700
24.650 39.750 0.950 3.927 10.800
24.583 39.683 0.950 3.927 10.900
24.517 39.617 0.950 3.927 11.000
24.450 39.550 0.950 3.927 11.100
24.383 39.483 0.950 3.927 11.200
24.317 39.417 0.950 3.927 11.300
24.250 39.350 0.950 3.927 11.400
24.183 39.283 0.950 3.927 11.500
24.117 39.217 0.950 3.927 11.600
24.050 39.150 0.950 3.927 11.700
23.983 39.083 0.950 3.927 11.800
23.917 39.017 0.950 3.927 11.900
23.850 38.950 0.950 3.927 12.000
23.783 38.883 0.950 3.927 12.100
23.717 38.817 0.950 3.927 12.200
23.650 38.750 0.950 3.927 12.300
23.583 38.683 0.950 3.927 12.400
23.517 38.617 0.950 3.927 12.500
23.450 38.550 0.950 3.927 12.600
23.383 38.483 0.950 3.927 12.700
23.317 38.417 0.950 3.927 12.800
23.250 38.350 0.950 3.927 12.900
23.183 38.283 0.950 3.927 13.000
23.117 38.217 0.950 3.927 13.100
23.050 38.150 0.950 3.927 13.200
22.983 38.083 0.950 3.927 13.300
22.917 38.017 0.950 3.927 13.400
22.850 37.950 0.950 3.927 13.500
22.783 37.883 0.950 3.927 13.600
22.717 37.817 0.950 3.927 13.700
22.650 37.750 0.950 3.927 13.800
22.583 37.683 0.950 3.927 13.900
22.517 37.617 0.950 3.927 14.000
22.450 37.550 0.950 3.927 14.100
22.383 37.483 0.950 3.927 14.200
22.317 37.417 0.950 3.927 14.300
22.250 37.350 0.950 3.927 14.400
22.183 37.283 0.950 3.927 14.500
22.117 37.217 0.950 3.927 14.600
22.050 37.150 0.950 3.927 14.700
21.982 37.082 0.950 3.927 14.800
21.914 37.013 0.950 3.957 14.900
21.850 36.941 0.950 4.008 15.000
21.790 36.866 0.950 4.060 15.100
21.733 36.788 0.950 4.112 15.200
21.681 36.707 0.950 4.164 15.300
21.633 36.624 0.950 4.216 15.400
21.589 36.538 0.950 4.268 15.500
21.550 36.450 0.950 4.320 15.600
21.513 36.390 0.950 4.289 15.678
21.474 36.332 0.950 4.259 15.756
21.434 36.274 0.950 4.229 15.833
21.391 36.217 0.950 4.199 15.911
21.346 36.161 0.950 4.168 15.989
21.300 36.107 0.950 4.138 16.067
21.252 36.053 0.950 4.108 16.144
21.202 36.001 0.950 4.077 16.222
21.150 35.950 0.950 3.927 16.300
21.083 35.883 0.950 3.927 16.400
21.017 35.817 0.950 3.927 16.500
20.950 35.750 0.950 3.927 16.600
20.883 35.683 0.950 3.927 16.700
20.817 35.617 0.950 3.927 16.800
20.750 35.550 0.950 3.927 16.900
20.683 35.483 0.950 3.927 17.000
20.617 35.417 0.950 3.927 17.100
20.550 35.350 0.950 3.927 17.200
20.483 35.283 0.950 3.927 17.300
20.417 35.217 0.950 3.927 17.400
20.350 35.150 0.950 3.927 17.500
20.283 35.083 0.950 3.927 17.600
20.217 35.017 0.950 3.927 17.700
20.150 34.950 0.950 3.927 17.800
20.083 34.883 0.950 3.927 17.900
20.017 34.817 0.950 3.927 18.000
19.950 34.750 0.950 3.927 18.100
19.883 34.683 0.950 3.927 18.200
19.817 34.617 0.950 3.927 18.300
19.750 34.550 0.950 3.927 18.400
19.683 34.483 0.950 3.927 18.500
19.617 34.417 0.950 3.927 18.600
19.550 34.350 0.950 3.927 18.700
19.483 34.283 0.950 3.927 18.800
19.417 34.217 0.950 3.927 18.900
19.350 34.150 0.950 3.927 19.000
19.283 34.083 0.950 3.927 19.100
19.217 34.017 0.950 3.927 19.200
19.150 33.950 0.950 3.927 19.300
19.083 33.883 0.950 3.927 19.400
19.017 33.817 0.950 3.927 19.500
18.950 33.750 0.950 3.927 19.600
18.883 33.683 0.950 3.927 19.700
18.817 33.617 0.950 3.927 19.800
18.750 33.550 0.950 3.927 19.900
18.683 33.483 0.950 3.927 20.000
18.617 33.417 0.950 3.927 20.100
18.550 33.350 0.950 3.927 20.200
18.483 33.283 0.950 3.927 20.300
18.417 33.217 0.950 3.927 20.400
18.350 33.150 0.950 3.927 20.500
18.283 33.083 0.950 3.927 20.600
18.217 33.017 0.950 3.927 20.700
18.150 32.950 0.950 3.927 20.800
18.083 32.883 0.950 3.927 20.900
18.017 32.817 0.950 3.927 21.000
17.950 32.750 0.950 3.927 21.100
17.883 32.683 0.950 3.927 21.200
17.817 32.617 0.950 3.927 21.300
17.750 32.550 0.950 3.927 21.400
17.683 32.483 0.950 3.927 21.500
17.617 32.417 0.950 3.927 21.600
17.550 32.350 0.950 3.927 21.700
17.483 32.283 0.950 3.927 21.800
17.417 32.217 0.950 3.927 21.900
17.350 32.150 0.950 3.927 22.000
17.283 32.083 0.950 3.927 22.100
17.217 32.017 0.950 3.927 22.200
17.150 31.950 0.950 3.927 22.300
17.083 31.883 0.950 3.927 22.400
17.017 31.817 0.950 3.927 22.500
16.950 31.750 0.950 3.927 22.600
16.883 31.683 0.950 3.927 22.700
16.817 31.617 0.950 3.927 22.800
16.750 31.550 0.950 3.927 22.900
16.683 31.483 0.950 3.927 23.000
16.617 31.417 0.950 3.927 23.100
16.550 31.350 0.950 3.927 23.200
16.483 31.283 0.950 3.927 23.300
16.417 31.217 0.950 3.927 23.400
16.350 31.150 0.950 3.927 23.500
16.283 31.083 0.950 3.927 23.600
16.217 31.017 0.950 3.927 23.700
16.150 30.950 0.950 3.927 23.800
16.083 30.883 0.950 3.927 23.900
16.017 30.817 0.950 3.927 24.000
15.950 30.750 0.950 3.927 24.100
15.883 30.683 0.950 3.927 24.200
15.817 30.617 0.950 3.927 24.300
15.750 30.550 0.950 3.927 24.400
15.682 30.482 0.950 3.927 24.500
15.614 30.413 0.950 3.957 24.600
15.550 30.341 0.950 4.008 24.700
15.490 30.266 0.950 4.060 24.800
15.433 30.188 0.950 4.112 24.900
15.381 30.107 0.950 4.164 25.000
15.333 30.024 0.950 4.216 25.100
15.289 29.938 0.950 4.268 25.200
15.250 29.850 0.950 4.320 25.300
15.219 29.775 0.950 4.320 25.389
15.188 29.699 0.950 4.320 25.478
15.156 29.624 0.950 4.320 25.567
15.125 29.549 0.950 4.339 25.656
15.098 29.472 0.950 4.413 25.744
15.077 29.393 0.950 4.488 25.833
15.062 29.312 0.950 4.563 25.922
15.053 29.232 0.950 4.638 26.011
15.050 29.150 0.950 4.712 26.100
15.050 29.139 0.950 4.712 26.111
15.050 29.128 0.950 4.712 26.122
15.050 29.117 0.950 4.712 26.133
15.050 29.106 0.950 4.712 26.144
15.050 29.094 0.950 4.712 26.156
15.050 29.083 0.950 4.712 26.167
15.050 29.072 0.950 4.712 26.178
15.050 29.061 0.950 4.712 26.189
15.050 29.050 0.950 4.712 26.200
15.050 29.039 0.950 4.712 26.211
15.050 29.028 0.950 4.712 26.222
15.050 29.017 0.950 4.712 26.233
15.050 29.006 0.950 4.712 26.244
15.050 28.994 0.950 4.712 26.256
15.050 28.983 0.950 4.712 26.267
15.050 28.972 0.950 4.712 26.278
15.050 28.961 0.950 4.712 26.289
15.050 28.950 0.950 4.712 26.300
15.050 28.860 0.950 4.712 26.400
15.050 28.769 0.950 4.712 26.500
15.050 28.679 0.950 4.712 26.600
15.052 28.589 0.950 4.761 26.700
15.059 28.499 0.950 4.830 26.800
15.073 28.409 0.950 4.899 26.900
15.093 28.321 0.950 4.968 27.000
15.118 28.235 0.950 5.036 27.100
15.150 28.150 0.950 5.105 27.200
15.183 28.083 0.950 5.105 27.278
15.217 28.017 0.950 5.105 27.356
15.250 27.950 0.950 5.105 27.433
15.283 27.883 0.950 5.105 27.511
15.317 27.817 0.950 5.105 27.589
15.350 27.750 0.950 5.105 27.667
15.383 27.683 0.950 5.105 27.744
15.417 27.617 0.950 5.105 27.822
15.450 27.550 0.950 5.105 27.900
15.483 27.483 0.950 5.105 27.978
15.517 27.417 0.950 5.105 28.056
15.550 27.350 0.950 5.105 28.133
15.583 27.283 0.950 5.105 28.211
15.617 27.217 0.950 5.105 28.289
15.650 27.150 0.950 5.105 28.367
15.683 27.083 0.950 5.105 28.444
15.717 27.017 0.950 5.105 28.522
15.750 26.950 0.950 5.105 28.600
15.783 26.883 0.950 5.105 28.678
15.817 26.817 0.950 5.105 28.756
15.850 26.750 0.950 5.105 28.833
15.883 26.683 0.950 5.105 28.911
15.917 26.617 0.950 5.105 28.989
15.950 26.550 0.950 5.105 29.067
15.983 26.483 0.950 5.105 29.144
16.017 26.417 0.950 5.105 29.222
16.050 26.350 0.950 5.105 29.300
16.083 26.283 0.950 5.105 29.378
16.117 26.217 0.950 5.105 29.456
16.150 26.150 0.950 5.105 29.533
16.183 26.083 0.950 5.105 29.611
16.217 26.017 0.950 5.105 29.689
16.250 25.950 0.950 5.105 29.767
16.283 25.883 0.950 5.105 29.844
16.317 25.817 0.950 5.105 29.922
16.350 25.750 0.950 5.105 30.000
16.383 25.683 0.950 5.105 30.078
16.417 25.617 0.950 5.105 30.156
16.450 25.550 0.950 5.105 30.233
16.483 25.483 0.950 5.105 30.311
16.517 25.417 0.950 5.105 30.389
16.550 25.350 0.950 5.105 30.467
16.583 25.283 0.950 5.105 30.544
16.617 25.217 0.950 5.105 30.622
16.650 25.150 0.950 5.105 30.700
16.683 25.083 0.950 5.105 30.778
16.717 25.017 0.950 5.105 30.856
16.750 24.950 0.950 5.105 30.933
16.783 24.883 0.950 5.105 31.011
16.817 24.817 0.950 5.105 31.089
16.850 24.750 0.950 5.105 31.167
16.883 24.683 0.950 5.105 31.244
16.917 24.617 0.950 5.105 31.322
16.950 24.550 0.950 5.105 31.400
16.983 24.483 0.950 5.105 31.478
17.017 24.417 0.950 5.105 31.556
17.050 24.350 0.950 5.105 31.633
17.083 24.283 0.950 5.105 31.711
17.117 24.217 0.950 5.105 31.789
17.150 24.150 0.950 5.105 31.867
17.183 24.083 0.950 5.105 31.944
17.217 24.017 0.950 5.105 32.022
17.250 23.950 0.950 5.105 32.100
17.283 23.883 0.950 5.105 32.178
17.317 23.817 0.950 5.105 32.256
17.350 23.750 0.950 5.105 32.333
17.383 23.683 0.950 5.105 32.411
17.417 23.617 0.950 5.105 32.489
17.450 23.550 0.950 5.105 32.567
17.483 23.483 0.950 5.105 32.644
17.517 23.417 0.950 5.105 32.722
17.550 23.350 0.950 5.105 32.800
17.583 23.283 0.950 5.105 32.878
17.617 23.217 0.950 5.105 32.956
17.650 23.150 0.950 5.105 33.033
17.683 23.083 0.950 5.105 33.111
17.717 23.017 0.950 5.105 33.189
17.750 22.950 0.950 5.105 33.267
17.783 22.883 0.950 5.105 33.344
17.817 22.817 0.950 5.105 33.422
17.850 22.750 0.950 5.105 33.500
17.883 22.683 0.950 5.105 33.578
17.917 22.617 0.950 5.105 33.656
17.950 22.550 0.950 5.105 33.733
17.983 22.483 0.950 5.105 33.811
18.017 22.417 0.950 5.105 33.889
18.050 22.350 0.950 5.105 33.967
18.083 22.283 0.950 5.105 34.044
18.117 22.217 0.950 5.105 34.122
18.150 22.150 0.950 5.105 34.200
18.150 22.150 0.939 5.105 34.211
18.150 22.150 0.928 5.105 34.222
18.150 22.150 0.917 5.105 34.233
18.150 22.150 0.906 5.105 34.244
18.150 22.150 0.894 5.105 34.256
18.150 22.150 0.883 5.105 34.267
18.150 22.150 0.872 5.105 34.278
18.150 22.150 0.861 5.105 34.289
18.150 22.150 0.850 5.105 34.300
18.150 22.150 0.839 5.105 34.311
18.150 22.150 0.828 5.105 34.322
18.150 22.150 0.817 5.105 34.333
18.150 22.150 0.806 5.105 34.344
18.150 22.150 0.794 5.105 34.356
18.150 22.150 0.783 5.105 34.367
18.150 22.150 0.772 5.105 34.378
18.150 22.150 0.761 5.105 34.389
18.150 22.150 0.750 5.105 34.400
18.150 22.150 0.739 5.105 34.411
18.150 22.150 0.728 5.105 34.422
18.150 22.150 0.717 5.105 34.433
18.150 22.150 0.706 5.105 34.444
18.150 22.150 0.694 5.105 34.456
18.150 22.150 0.683 5.105 34.467
18.150 22.150 0.672 5.105 34.478
18.150 22.150 0.661 5.105 34.489
18.150 22.150 0.650 5.105 34.500
18.150 22.150 0.639 5.105 34.511
18.150 22.150 0.628 5.105 34.522
18.150 22.150 0.617 5.105 34.533
18.150 22.150 0.606 5.105 34.544
18.150 22.150 0.594 5.105 34.556
18.150 22.150 0.583 5.105 34.567
18.150 22.150 0.572 5.105 34.578
18.150 22.150 0.561 5.105 34.589
18.150 22.150 0.550 5.105 34.600
18.150 22.150 0.539 5.105 34.611
18.150 22.150 0.528 5.105 34.622
18.150 22.150 0.517 5.105 34.633
18.150 22.150 0.506 5.105 34.644
18.150 22.150 0.494 5.105 34.656
18.150 22.150 0.483 5.105 34.667
18.150 22.150 0.472 5.105 34.678
18.150 22.150 0.461 5.105 34.689
18.150 22.150 0.450 5.105 34.700
18.150 22.150 0.439 5.105 34.711
18.150 22.150 0.428 5.105 34.722
18.150 22.150 0.417 5.105 34.733
18.150 22.150 0.406 5.105 34.744
18.150 22.150 0.394 5.105 34.756
18.150 22.150 0.383 5.105 34.767
18.150 22.150 0.372 5.105 34.778
18.150 22.150 0.361 5.105 34.789
18.150 22.150 0.350 5.105 34.800
18.150 22.150 0.339 5.105 34.811
18.150 22.150 0.328 5.105 34.822
18.150 22.150 0.317 5.105 34.833
18.150 22.150 0.306 5.105 34.844
18.150 22.150 0.294 5.105 34.856
18.150 22.150 0.283 5.105 34.867
18.150 22.150 0.272 5.105 34.878
18.150 22.150 0.261 5.105 34.889
18.150 22.150 0.250 5.105 34.900
18.150 22.150 0.239 5.105 34.911
18.150 22.150 0.228 5.105 34.922
18.150 22.150 0.217 5.105 34.933
18.150 22.150 0.206 5.105 34.944
18.150 22.150 0.194 5.105 34.956
18.150 22.150 0.183 5.105 34.967
18.150 22.150 0.172 5.105 34.978
18.150 22.150 0.161 5.105 34.989
18.150 22.150 0.150 5.105 35.000
18.150 22.150 0.139 5.105 35.011
18.150 22.150 0.128 5.105 35.022
18.150 22.150 0.117 5.105 35.033
18.150 22.150 0.106 5.105 35.044
18.150 22.150 0.094 5.105 35.056
18.150 22.150 0.083 5.105 35.067
18.150 22.150 0.072 5.105 35.078
18.150 22.150 0.061 5.105 35.089
18.150 22.150 0.050 5.105 35.100
18.150 22.150 0.050 5.105 36.100
18.181 22.075 0.050 5.105 36.189
18.212 21.999 0.050 5.105 36.278
18.244 21.924 0.050 5.105 36.367
18.275 21.849 0.050 5.086 36.456
18.302 21.772 0.050 5.011 36.544
18.323 21.693 0.050 4.937 36.633
18.338 21.613 0.050 4.862 36.722
18.347 21.532 0.050 4.787 36.811
18.350 21.450 0.050 4.712 36.900
18.350 21.439 0.050 4.712 36.911
18.350 21.428 0.050 4.712 36.922
18.350 21.417 0.050 4.712 36.933
18.350 21.406 0.050 4.712 36.944
18.350 21.394 0.050 4.712 36.956
18.350 21.383 0.050 4.712 36.967
18.350 21.372 0.050 4.712 36.978
18.350 21.361 0.050 4.712 36.989
18.350 21.350 0.050 4.712 37.000
18.350 21.339 0.050 4.712 37.011
18.350 21.328 0.050 4.712 37.022
18.350 21.317 0.050 4.712 37.033
18.350 21.306 0.050 4.712 37.044
18.350 21.294 0.050 4.712 37.056
18.350 21.283 0.050 4.712 37.067
18.350 21.272 0.050 4.712 37.078
18.350 21.261 0.050 4.712 37.089
18.350 21.250 0.050 4.712 37.100
18.350 21.239 0.050 4.712 37.111
18.350 21.228 0.050 4.712 37.122
18.350 21.217 0.050 4.712 37.133
18.350 21.206 0.050 4.712 37.144
18.350 21.194 0.050 4.712 37.156
18.350 21.183 0.050 4.712 37.167
18.350 21.172 0.050 4.712 37.178
18.350 21.161 0.050 4.712 37.189
18.350 21.150 0.050 4.712 37.200
18.350 21.139 0.050 4.712 37.211
18.350 21.128 0.050 4.712 37.222
18.350 21.117 0.050 4.712 37.233
18.350 21.106 0.050 4.712 37.244
18.350 21.094 0.050 4.712 37.256
18.350 21.083 0.050 4.712 37.267
18.350 21.072 0.050 4.712 37.278
18.350 21.061 0.050 4.712 37.289
18.350 21.050 0.050 4.712 37.300
18.350 20.961 0.050 4.712 37.389
18.350 20.872 0.050 4.712 37.478
18.350 20.783 0.050 4.712 37.567
18.350 20.694 0.050 4.712 37.656
18.350 20.606 0.050 4.712 37.744
18.350 20.517 0.050 4.712 37.833
18.350 20.428 0.050 4.712 37.922
18.350 20.339 0.050 4.712 38.011
18.350 20.250 0.050 4.712 38.100
18.350 20.161 0.050 4.712 38.189
18.350 20.072 0.050 4.712 38.278
18.350 19.983 0.050 4.712 38.367
18.350 19.894 0.050 4.712 38.456
18.350 19.806 0.050 4.712 38.544
18.350 19.717 0.050 4.712 38.633
18.350 19.628 0.050 4.712 38.722
18.350 19.539 0.050 4.712 38.811
18.350 19.450 0.050 4.712 38.900
18.350 19.360 0.050 4.712 39.000
18.350 19.269 0.050 4.712 39.100
18.350 19.179 0.050 4.712 39.200
18.352 19.089 0.050 4.761 39.300
18.359 18.999 0.050 4.830 39.400
18.373 18.909 0.050 4.899 39.500
18.393 18.821 0.050 4.968 39.600
18.418 18.735 0.050 5.036 39.700
18.450 18.650 0.050 5.105 39.800
18.483 18.583 0.050 5.105 39.878
18.517 18.517 0.050 5.105 39.956
18.550 18.450 0.050 5.105 40.033
18.583 18.383 0.050 5.105 40.111
18.617 18.317 0.050 5.105 40.189
18.650 18.250 0.050 5.105 40.267
18.683 18.183 0.050 5.105 40.344
18.717 18.117 0.050 5.105 40.422
18.750 18.050 0.050 5.105 40.500
18.783 17.983 0.050 5.105 40.578
18.817 17.917 0.050 5.105 40.656
18.850 17.850 0.050 5.105 40.733
18.883 17.783 0.050 5.105 40.811
18.917 17.717 0.050 5.105 40.889
18.950 17.650 0.050 5.105 40.967
18.983 17.583 0.050 5.105 41.044
19.017 17.517 0.050 5.105 41.122
19.050 17.450 0.050 5.105 41.200
19.087 17.390 0.050 5.135 41.278
19.126 17.332 0.050 5.166 41.356
19.166 17.274 0.050 5.196 41.433
19.209 17.217 0.050 5.226 41.511
19.254 17.161 0.050 5.257 41.589
19.300 17.107 0.050 5.287 41.667
19.348 17.053 0.050 5.317 41.744
19.398 17.001 0.050 5.348 41.822
19.450 16.950 0.050 5.498 41.900
19.518 16.882 0.050 5.498 42.000
19.587 16.814 0.050 5.527 42.100
19.659 16.750 0.050 5.579 42.200
19.734 16.690 0.050 5.631 42.300
19.812 16.633 0.050 5.683 42.400
19.893 16.581 0.050 5.735 42.500
19.976 16.533 0.050 5.787 42.600
20.062 16.489 0.050 5.839 42.700
20.150 16.450 0.050 5.891 42.800
20.217 16.417 0.050 5.891 42.878
20.283 16.383 0.050 5.891 42.956
20.350 16.350 0.050 5.891 43.033
20.417 16.317 0.050 5.891 43.111
20.483 16.283 0.050 5.891 43.189
20.550 16.250 0.050 5.891 43.267
20.617 16.217 0.050 5.891 43.344
20.683 16.183 0.050 5.891 43.422
20.750 16.150 0.050 5.891 43.500
20.817 16.117 0.050 5.891 43.578
20.883 16.083 0.050 5.891 43.656
20.950 16.050 0.050 5.891 43.733
21.017 16.017 0.050 5.891 43.811
21.083 15.983 0.050 5.891 43.889
21.150 15.950 0.050 5.891 43.967
21.217 15.917 0.050 5.891 44.044
21.283 15.883 0.050 5.891 44.122
21.350 15.850 0.050 5.891 44.200
21.417 15.817 0.050 5.891 44.278
21.483 15.783 0.050 5.891 44.356
21.550 15.750 0.050 5.891 44.433
21.617 15.717 0.050 5.891 44.511
21.683 15.683 0.050 5.891 44.589
21.750 15.650 0.050 5.891 44.667
21.817 15.617 0.050 5.891 44.744
21.883 15.583 0.050 5.891 44.822
21.950 15.550 0.050 5.891 44.900
22.017 15.517 0.050 5.891 44.978
22.083 15.483 0.050 5.891 45.056
22.150 15.450 0.050 5.891 45.133
22.217 15.417 0.050 5.891 45.211
22.283 15.383 0.050 5.891 45.289
22.350 15.350 0.050 5.891 45.367
22.417 15.317 0.050 5.891 45.444
22.483 15.283 0.050 5.891 45.522
22.550 15.250 0.050 5.891 45.600
22.617 15.217 0.050 5.891 45.678
22.683 15.183 0.050 5.891 45.756
22.750 15.150 0.050 5.891 45.833
22.817 15.117 0.050 5.891 45.911
22.883 15.083 0.050 5.891 45.989
22.950 15.050 0.050 5.891 46.067
23.017 15.017 0.050 5.891 46.144
23.083 14.983 0.050 5.891 46.222
23.150 14.950 0.050 5.891 46.300
23.217 14.917 0.050 5.891 46.378
23.283 14.883 0.050 5.891 46.456
23.350 14.850 0.050 5.891 46.533
23.417 14.817 0.050 5.891 46.611
23.483 14.783 0.050 5.891 46.689
23.550 14.750 0.050 5.891 46.767
23.617 14.717 0.050 5.891 46.844
23.683 14.683 0.050 5.891 46.922
23.750 14.650 0.050 5.891 47.000
23.817 14.617 0.050 5.891 47.078
23.883 14.583 0.050 5.891 47.156
23.950 14.550 0.050 5.891 47.233
24.017 14.517 0.050 5.891 47.311
24.083 14.483 0.050 5.891 47.389
24.150 14.450 0.050 5.891 47.467
24.217 14.417 0.050 5.891 47.544
24.283 14.383 0.050 5.891 47.622
24.350 14.350 0.050 5.891 47.700
24.417 14.317 0.050 5.891 47.778
24.483 14.283 0.050 5.891 47.856
24.550 14.250 0.050 5.891 47.933
24.617 14.217 0.050 5.891 48.011
24.683 14.183 0.050 5.891 48.089
24.750 14.150 0.050 5.891 48.167
24.817 14.117 0.050 5.891 48.244
24.883 14.083 0.050 5.891 48.322
24.950 14.050 0.050 5.891 48.400
25.017 14.017 0.050 5.891 48.478
25.083 13.983 0.050 5.891 48.556
25.150 13.950 0.050 5.891 48.633
25.217 13.917 0.050 5.891 48.711
25.283 13.883 0.050 5.891 48.789
25.350 13.850 0.050 5.891 48.867
25.417 13.817 0.050 5.891 48.944
25.483 13.783 0.050 5.891 49.022
25.550 13.750 0.050 5.891 49.100
25.617 13.717 0.050 5.891 49.178
25.683 13.683 0.050 5.891 49.256
25.750 13.650 0.050 5.891 49.333
25.817 13.617 0.050 5.891 49.411
25.883 13.583 0.050 5.891 49.489
25.950 13.550 0.050 5.891 49.567
26.017 13.517 0.050 5.891 49.644
26.083 13.483 0.050 5.891 49.722
26.150 13.450 0.050 5.891 49.800
26.217 13.417 0.050 5.891 49.878
26.283 13.383 0.050 5.891 49.956
26.350 13.350 0.050 5.891 50.033
26.417 13.317 0.050 5.891 50.111
26.483 13.283 0.050 5.891 50.189
26.550 13.250 0.050 5.891 50.267
26.617 13.217 0.050 5.891 50.344
26.683 13.183 0.050 5.891 50.422
26.750 13.150 0.050 5.891 50.500
26.817 13.117 0.050 5.891 50.578
26.883 13.083 0.050 5.891 50.656
26.950 13.050 0.050 5.891 50.733
27.017 13.017 0.050 5.891 50.811
27.083 12.983 0.050 5.891 50.889
27.150 12.950 0.050 5.891 50.967
27.217 12.917 0.050 5.891 51.044
27.283 12.883 0.050 5.891 51.122
27.350 12.850 0.050 5.891 51.200
27.417 12.817 0.050 5.891 51.278
27.483 12.783 0.050 5.891 51.356
27.550 12.750 0.050 5.891 51.433
27.617 12.717 0.050 5.891 51.511
27.683 12.683 0.050 5.891 51.589
27.750 12.650 0.050 5.891 51.667
27.817 12.617 0.050 5.891 51.744
27.883 12.583 0.050 5.891 51.822
27.950 12.550 0.050 5.891 51.900
28.017 12.517 0.050 5.891 51.978
28.083 12.483 0.050 5.891 52.056
28.150 12.450 0.050 5.891 52.133
28.217 12.417 0.050 5.891 52.211
28.283 12.383 0.050 5.891 52.289
28.350 12.350 0.050 5.891 52.367
28.417 12.317 0.050 5.891 52.444
28.483 12.283 0.050 5.891 52.522
28.550 12.250 0.050 5.891 52.600
28.617 12.217 0.050 5.891 52.678
28.683 12.183 0.050 5.891 52.756
28.750 12.150 0.050 5.891 52.833
28.817 12.117 0.050 5.891 52.911
28.883 12.083 0.050 5.891 52.989
28.950 12.050 0.050 5.891 53.067
29.017 12.017 0.050 5.891 53.144
29.083 11.983 0.050 5.891 53.222
29.150 11.950 0.050 5.891 53.300
29.217 11.917 0.050 5.891 53.378
29.283 11.883 0.050 5.891 53.456
29.350 11.850 0.050 5.891 53.533
29.417 11.817 0.050 5.891 53.611
29.483 11.783 0.050 5.891 53.689
29.550 11.750 0.050 5.891 53.767
29.617 11.717 0.050 5.891 53.844
29.683 11.683 0.050 5.891 53.922
29.750 11.650 0.050 5.891 54.000
29.817 11.617 0.050 5.891 54.078
29.883 11.583 0.050 5.891 54.156
29.950 11.550 0.050 5.891 54.233
30.017 11.517 0.050 5.891 54.311
30.083 11.483 0.050 5.891 54.389
30.150 11.450 0.050 5.891 54.467
30.217 11.417 0.050 5.891 54.544
30.283 11.383 0.050 5.891 54.622
30.350 11.350 0.050 5.891 54.700
30.417 11.317 0.050 5.891 54.778
30.483 11.283 0.050 5.891 54.856
30.550 11.250 0.050 5.891 54.933
30.617 11.217 0.050 5.891 55.011
30.683 11.183 0.050 5.891 55.089
30.750 11.150 0.050 5.891 55.167
30.817 11.117 0.050 5.891 55.244
30.883 11.083 0.050 5.891 55.322
30.950 11.050 0.050 5.891 55.400
31.017 11.017 0.050 5.891 55.478
31.083 10.983 0.050 5.891 55.556
31.150 10.950 0.050 5.891 55.633
31.217 10.917 0.050 5.891 55.711
31.283 10.883 0.050 5.891 55.789
31.350 10.850 0.050 5.891 55.867
31.417 10.817 0.050 5.891 55.944
31.483 10.783 0.050 5.891 56.022
31.550 10.750 0.050 5.891 56.100
31.617 10.717 0.050 5.891 56.178
31.683 10.683 0.050 5.891 56.256
31.750 10.650 0.050 5.891 56.333
31.817 10.617 0.050 5.891 56.411
31.883 10.583 0.050 5.891 56.489
31.950 10.550 0.050 5.891 56.567
32.017 10.517 0.050 5.891 56.644
32.083 10.483 0.050 5.891 56.722
32.150 10.450 0.050 5.891 56.800
32.217 10.417 0.050 5.891 56.878
32.283 10.383 0.050 5.891 56.956
32.350 10.350 0.050 5.891 57.033
32.417 10.317 0.050 5.891 57.111
32.483 10.283 0.050 5.891 57.189
32.550 10.250 0.050 5.891 57.267
32.617 10.217 0.050 5.891 57.344
32.683 10.183 0.050 5.891 57.422
32.750 10.150 0.050 5.891 57.500
32.817 10.117 0.050 5.891 57.578
32.883 10.083 0.050 5.891 57.656
32.950 10.050 0.050 5.891 57.733
33.017 10.017 0.050 5.891 57.811
33.083 9.983 0.050 5.891 57.889
33.150 9.950 0.050 5.891 57.967
33.217 9.917 0.050 5.891 58.044
33.283 9.883 0.050 5.891 58.122
33.350 9.850 0.050 5.891 58.200
33.417 9.817 0.050 5.891 58.278
33.483 9.783 0.050 5.891 58.356
33.550 9.750 0.050 5.891 58.433
33.617 9.717 0.050 5.891 58.511
33.683 9.683 0.050 5.891 58.589
33.750 9.650 0.050 5.891 58.667
33.817 9.617 0.050 5.891 58.744
33.883 9.583 0.050 5.891 58.822
33.950 9.550 0.050 5.891 58.900
34.017 9.517 0.050 5.891 58.978
34.083 9.483 0.050 5.891 59.056
34.150 9.450 0.050 5.891 59.133
34.217 9.417 0.050 5.891 59.211
34.283 9.383 0.050 5.891 59.289
34.350 9.350 0.050 5.891 59.367
34.417 9.317 0.050 5.891 59.444
34.483 9.283 0.050 5.891 59.522
34.550 9.250 0.050 5.891 59.600
34.617 9.217 0.050 5.891 59.678
34.683 9.183 0.050 5.891 59.756
34.750 9.150 0.050 5.891 59.833
34.817 9.117 0.050 5.891 59.911
34.883 9.083 0.050 5.891 59.989
34.950 9.050 0.050 5.891 60.067
35.017 9.017 0.050 5.891 60.144
35.083 8.983 0.050 5.891 60.222
35.150 8.950 0.050 5.891 60.300
35.217 8.917 0.050 5.891 60.378
35.283 8.883 0.050 5.891 60.456
35.350 8.850 0.050 5.891 60.533
35.417 8.817 0.050 5.891 60.611
35.483 8.783 0.050 5.891 60.689
35.550 8.750 0.050 5.891 60.767
35.617 8.717 0.050 5.891 60.844
35.683 8.683 0.050 5.891 60.922
35.750 8.650 0.050 5.891 61.000
35.817 8.617 0.050 5.891 61.078
35.883 8.583 0.050 5.891 61.156
35.950 8.550 0.050 5.891 61.233
36.017 8.517 0.050 5.891 61.311
36.083 8.483 0.050 5.891 61.389
36.150 8.450 0.050 5.891 61.467
36.217 8.417 0.050 5.891 61.544
36.283 8.383 0.050 5.891 61.622
36.350 8.350 0.050 5.891 61.700
36.410 8.313 0.050 5.860 61.778
36.468 8.274 0.050 5.830 61.856
36.526 8.234 0.050 5.800 61.933
36.583 8.191 0.050 5.769 62.011
36.639 8.146 0.050 5.739 62.089
36.693 8.100 0.050 5.709 62.167
36.747 8.052 0.050 5.678 62.244
36.799 8.002 0.050 5.648 62.322
36.850 7.950 0.050 5.498 62.400
36.917 7.883 0.050 5.498 62.500
36.983 7.817 0.050 5.498 62.600
37.050 7.750 0.050 5.498 62.700
37.117 7.683 0.050 5.498 62.800
37.183 7.617 0.050 5.498 62.900
37.250 7.550 0.050 5.498 63.000
37.317 7.483 0.050 5.498 63.100
37.383 7.417 0.050 5.498 63.200
37.450 7.350 0.050 5.498 63.300
37.517 7.283 0.050 5.498 63.400
37.583 7.217 0.050 5.498 63.500
37.650 7.150 0.050 5.498 63.600
37.717 7.083 0.050 5.498 63.700
37.783 7.017 0.050 5.498 63.800
37.850 6.950 0.050 5.498 63.900
37.917 6.883 0.050 5.498 64.000
37.983 6.817 0.050 5.498 64.100
38.050 6.750 0.050 5.498 64.200
38.117 6.683 0.050 5.498 64.300
38.183 6.617 0.050 5.498 64.400
38.250 6.550 0.050 5.498 64.500
38.317 6.483 0.050 5.498 64.600
38.383 6.417 0.050 5.498 64.700
38.450 6.350 0.050 5.498 64.800
38.517 6.283 0.050 5.498 64.900
38.583 6.217 0.050 5.498 65.000
38.650 6.150 0.050 5.498 65.100
38.717 6.083 0.050 5.498 65.200
38.783 6.017 0.050 5.498 65.300
38.850 5.950 0.050 5.498 65.400
38.917 5.883 0.050 5.498 65.500
38.983 5.817 0.050 5.498 65.600
39.050 5.750 0.050 5.498 65.700
39.117 5.683 0.050 5.498 65.800
39.183 5.617 0.050 5.498 65.900
39.250 5.550 0.050 5.498 66.000
39.318 5.482 0.050 5.498 66.100
39.387 5.414 0.050 5.527 66.200
39.459 5.350 0.050 5.579 66.300
39.534 5.290 0.050 5.631 66.400
39.612 5.233 0.050 5.683 66.500
39.693 5.181 0.050 5.735 66.600
39.776 5.133 0.050 5.787 66.700
39.862 5.089 0.050 5.839 66.800
39.950 5.050 0.050 5.891 66.900
40.025 5.019 0.050 5.891 66.989
40.101 4.988 0.050 5.891 67.078
40.176 4.956 0.050 5.891 67.167
40.252 4.925 0.050 5.910 67.256
40.329 4.898 0.050 5.984 67.344
40.407 4.877 0.050 6.059 67.433
40.488 4.862 0.050 6.134 67.522
40.569 4.853 0.050 6.208 67.611
